0  4575.76 1.69473 7.62753 -82.3206  4575.51 1.6844 7.41481 416.608  4571.64 1.68528 7.6385 -76.9065  4574.65 1.6821 7.41845 412.051  
1  4573.61 1.69886 7.20863 -82.9542  4576.38 1.69414 6.97236 411.501  4573.84 1.69747 7.18883 -83.0298  4579.1 1.69922 6.9542 407.749  
2  4578.73 1.72113 6.99415 -88.0196  4584.46 1.71846 6.79303 411.69  4580.76 1.72365 6.9766 -88.8272  4583.65 1.70985 6.7497 414.959  
3  4572.81 1.69231 7.68985 -80.9153  4571.58 1.6797 7.48606 418.035  4564.86 1.67501 7.73262 -71.2072  4575.64 1.69509 7.44834 406.26  
4  4574.69 1.70371 7.77686 -83.7256  4574.56 1.69637 7.57307 417.893  4567.92 1.68701 7.79589 -76.39  4570.65 1.68665 7.58336 413.137  
5  4567.97 1.68757 7.7281 -76.9199  4573.45 1.69589 7.49382 410.922  4567.54 1.68413 7.68773 -75.6778  4574.43 1.69626 7.4736 408.499  
6  4565.68 1.68174 7.59767 -76.422  4573.78 1.69487 7.34991 407.818  4565.78 1.68044 7.57324 -75.8729  4572.58 1.68866 7.33553 408.051  
7  4577.9 1.72749 6.997 -86.6094  4584.57 1.72321 6.77205 413.025  4578.46 1.72074 6.95141 -88.0854  4583.68 1.71796 6.74679 410.3  
8  4564.12 1.67785 7.7616 -72.6934  4568.99 1.68408 7.52792 410.357  4568.9 1.68482 7.70625 -77.0827  4570.45 1.6834 7.50722 413.337  
9  4569.12 1.69249 7.9094 -77.6343  4575.1 1.7031 7.66975 412.083  4568.71 1.6895 7.88765 -76.1457  4575.02 1.70119 7.65129 410.76  
10  4574.88 1.70787 7.48916 -87.292  4580.52 1.71362 7.25778 413.298  4578.3 1.71911 7.47515 -89.3128  4581.04 1.71199 7.23921 418.83  
11  4568.95 1.68101 7.5747 -76.4651  4576.49 1.69284 7.31791 408.232  4570.62 1.68229 7.54153 -76.9601  4575.31 1.68429 7.31323 410.674  
12  4573.61 1.6951 7.3284 -82.305  4581.31 1.7037 7.07009 407.053  4578.01 1.70328 7.27835 -85.0378  4584.42 1.70823 7.03113 408.77  
13  4572.33 1.69199 7.6634 -81.5162  4576.31 1.69334 7.4158 415.159  4569.78 1.68568 7.66813 -77.7445  4577.52 1.6964 7.40788 410.474  
14  4570.19 1.69249 7.54635 -82.696  4578.85 1.70944 7.30658 408.006  4575.32 1.70192 7.48464 -87.369  4581.22 1.71018 7.28278 411.406  
15  4576.9 1.70689 7.22558 -86.4697  4581.21 1.70473 6.9974 412.098  4574.29 1.699 7.23157 -83.4008  4578.71 1.69722 6.99726 410.218  
16  4576.06 1.7057 7.30412 -85.8995  4582.04 1.70802 7.04842 411.649  4574.91 1.69979 7.26948 -85.5377  4578.84 1.69869 7.04222 410.809  
17  4577.44 1.70513 7.0188 -85.7912  4581.46 1.70124 6.77856 411.441  4577.86 1.7044 6.9916 -85.99  4581.35 1.69803 6.7833 410.285  
18  4567.92 1.68083 7.53258 -76.2799  4577.05 1.69586 7.26396 406.719  4575.99 1.69423 7.46642 -83.2696  4579.55 1.6951 7.23389 412.673  
19  4577.29 1.70764 7.2001 -88.0442  4585 1.71595 6.97679 409.793  4577.56 1.70591 7.16308 -88.1873  4585.81 1.71885 6.9638 408.15  
20  4565.54 1.67802 7.76412 -72.281  4565.87 1.67024 7.57908 415.21  4567.25 1.68004 7.74579 -72.8404  4573.39 1.68571 7.49127 410.494  
21  4575.78 1.69699 6.95284 -82.9279  4585.66 1.70491 6.66061 402.84  4581.96 1.70959 6.87491 -87.4711  4582.68 1.69722 6.68891 412.424  
22  4571.25 1.68708 7.23569 -80.6623  4576.71 1.69197 6.96938 408.446  4569.62 1.68253 7.22769 -78.7258  4579.09 1.69631 6.97378 403.696  
23  4576.53 1.74224 7.39246 -88.1258  4587.81 1.74964 7.18083 420.421  4576.89 1.73821 7.3344 -89.2679  4583.92 1.73581 7.1307 422.616  
24  4579.59 1.7152 6.95744 -87.7502  4582.01 1.70196 6.73001 413.537  4581.2 1.71844 6.93169 -89.5001  4589.92 1.72833 6.75734 406.609  
25  4574.92 1.72381 7.58313 -87.9413  4581.58 1.72969 7.34548 415.015  4576.94 1.7278 7.53916 -89.6069  4582.28 1.7284 7.30778 417.188  
26  4574.49 1.69765 7.74563 -82.0336  4579.56 1.70586 7.50896 412.289  4571.67 1.69018 7.728 -78.7407  4573.89 1.68843 7.50841 412.802  
27  4569.07 1.68714 7.73429 -76.7061  4574.81 1.69439 7.51047 410.9  4572.14 1.69077 7.70651 -78.6763  4575.62 1.69416 7.49417 413.03  
28  4564.04 1.68226 8.07603 -69.625  4564.49 1.67526 7.88667 415.254  4562.96 1.67903 8.07383 -67.8459  4569.59 1.68826 7.81657 409.848  
29  4577.27 1.71668 7.47895 -89.1683  4577.55 1.70238 7.23542 420.496  4574.4 1.70023 7.43061 -86.6606  4578.44 1.70404 7.18837 412.499  
30  4564.24 1.67929 7.92273 -70.9971  4565.01 1.67478 7.7135 415.363  4565.24 1.68106 7.89611 -71.5727  4566.94 1.67695 7.67325 414.427  
31  4575.07 1.71281 7.44739 -88.5282  4573.46 1.69464 7.22627 420.816  4572.82 1.70211 7.42423 -86.7734  4578.91 1.70893 7.17523 411.161  
32  4571.99 1.69331 7.21806 -82.0285  4575.73 1.69161 6.97898 410.651  4573.54 1.69762 7.21932 -84.0549  4582.48 1.70963 6.9539 405.683  
33  4561.55 1.67001 8.01338 -66.1255  4562.12 1.66528 7.84232 415.424  4559.89 1.66655 8.03246 -65.4562  4560.69 1.66495 7.9075 413.967  
34  4568.35 1.69403 7.57499 -80.7283  4573.81 1.7013 7.28739 411.434  4573.04 1.70556 7.54637 -86.2351  4572 1.69409 7.3448 418.371  
35  4565.32 1.67231 7.71089 -69.5874  4564.86 1.66545 7.57209 415.9  4559.46 1.66048 7.76033 -66.1019  4567.85 1.67413 7.58327 404.326  
36  4560.87 1.66802 7.85132 -66.8711  4564.22 1.66949 7.64125 412.395  4567.94 1.68305 7.81828 -74.153  4570.8 1.68167 7.61385 413.874  
37  4568.6 1.68968 7.71406 -77.6701  4572.42 1.69138 7.47868 413.441  4568.99 1.69121 7.72886 -78.735  4572.86 1.69449 7.5116 412.383  
38  4563.78 1.6737 7.53058 -72.9766  4571.51 1.68381 7.28366 405.801  4566.55 1.67947 7.53383 -75.8135  4564.62 1.66818 7.39207 417.013  
39  4570.53 1.68311 7.5592 -75.1474  4574.86 1.68313 7.29473 412.564  4569.04 1.6807 7.56151 -75.4386  4574.96 1.68488 7.32541 409.031  
40  4569.33 1.68609 7.21143 -77.5186  4576.51 1.69335 6.95235 406.288  4567.2 1.68194 7.23715 -76.4221  4578.4 1.70064 6.95913 400.356  
41  4575.24 1.71188 7.47606 -86.9783  4573.06 1.69372 7.26264 422.089  4572.62 1.70425 7.51214 -86.3215  4577.16 1.70659 7.26085 413.522  
42  4554.11 1.63897 8.40752 -55.9938  4558.12 1.64336 8.11763 409.914  4552.36 1.63519 8.39699 -55.8186  4553.88 1.63459 8.24964 413.09  
43  4559.7 1.65641 7.83918 -63.2499  4560.1 1.65163 7.68887 414.856  4557.34 1.65124 7.87844 -61.8193  4561.89 1.65781 7.70287 409.357  
44  4555.41 1.64213 8.35414 -57.21  4554.79 1.634 8.14908 416.686  4552.5 1.63539 8.38328 -56.2824  4556.1 1.6415 8.22339 409.964  
45  4563.88 1.6748 7.95909 -68.0794  4562.86 1.66394 7.77484 417.915  4560.08 1.66659 7.98375 -65.4839  4563 1.66961 7.83963 412.031  
46  4564.7 1.6845 7.83293 -74.2828  4571.15 1.69525 7.57231 411.283  4567.32 1.68993 7.85648 -77.4171  4572.48 1.6977 7.60574 412.705  
47  4568.33 1.68128 7.16591 -74.089  4579.11 1.69864 6.89438 401.375  4574.65 1.6968 7.16206 -81.1056  4574.76 1.68671 6.95489 412.973  
48  4566.49 1.68601 7.59027 -76.5653  4573.4 1.69472 7.30884 410.312  4568.18 1.69044 7.58549 -79.11  4571.46 1.69157 7.37004 412.972  
49  4573.09 1.70513 7.32153 -86.4755  4577.44 1.70686 7.0922 414.257  4575.52 1.71683 7.36088 -88.2268  4576.38 1.70318 7.12488 420.445  
50  4574.92 1.70935 6.81299 -85.7318  4584.61 1.724 6.65395 403.765  4574.69 1.71078 6.84282 -85.6517  4583.68 1.72047 6.64666 403.797  
51  4577.48 1.7385 6.92517 -92.305  4590.26 1.74643 6.74315 412.404  4576.33 1.73806 6.97122 -91.6732  4590.5 1.74466 6.72055 410.835  
52  4571.8 1.7203 7.75459 -84.8394  4578.81 1.72189 7.48276 418.115  4570.59 1.71684 7.78114 -84.7238  4576.18 1.71754 7.51943 417.634  
53  4574.94 1.71651 7.36809 -89.4086  4578.21 1.71114 7.14684 418.277  4573.33 1.71324 7.42004 -89.0897  4581.3 1.7211 7.16708 412.391  
54  4574.89 1.70861 7.30669 -88.5729  4574.73 1.69602 7.102 418.499  4572.76 1.70521 7.35125 -87.0131  4578.57 1.7074 7.10912 412.493  
55  4573.98 1.73326 7.61631 -87.2471  4579.35 1.72386 7.30551 424.058  4575.22 1.74145 7.63985 -86.8179  4579.66 1.72552 7.31084 428.059  
56  4574.39 1.72898 7.39193 -88.8887  4583.15 1.73453 7.15023 418.329  4576.38 1.73651 7.42432 -89.5468  4582.66 1.73359 7.15201 422.092  
57  4571.91 1.71108 7.47837 -86.5983  4582.21 1.72587 7.23395 411.034  4574.25 1.72613 7.57104 -87.5715  4578.46 1.71713 7.28407 421.064  
58  4580.44 1.72416 6.93407 -91.3886  4585.03 1.71656 6.742 415.406  4579.99 1.72383 6.96665 -91.3607  4587.78 1.72574 6.74565 411.607  
59  4570.04 1.6977 7.53656 -81.8229  4574.81 1.70325 7.26825 412.941  4571.55 1.70308 7.54535 -84.8113  4576.55 1.70728 7.30152 412.616  
60  4566.18 1.69158 7.67475 -79.4287  4571.67 1.70205 7.44422 411.177  4568.68 1.69684 7.67812 -82.5936  4573.35 1.70604 7.45448 411.611  
61  4573.3 1.71064 7.57063 -86.8973  4578.56 1.71539 7.34577 416.32  4573.78 1.71462 7.60406 -88.2681  4575.56 1.70852 7.38204 419.536  
62  4574.76 1.71515 7.48731 -88.7017  4578.83 1.71375 7.26564 418.45  4575.75 1.72592 7.57464 -88.6209  4581.72 1.72097 7.26909 420.501  
63  4566.4 1.68388 7.51192 -75.871  4572.83 1.69219 7.21167 408.369  4569.96 1.69149 7.49827 -80.4817  4573.95 1.6941 7.24406 410.225  
64  4569.46 1.69488 7.79254 -78.8454  4570.41 1.68933 7.62913 417.484  4569.55 1.69151 7.75475 -78.9637  4574.64 1.70089 7.6123 412.553  
65  4573.48 1.69988 7.5298 -84.0994  4576.52 1.70102 7.32541 415.802  4572.08 1.69482 7.50285 -82.9859  4574.37 1.69535 7.35379 415.057  
66  4576.24 1.751 7.25572 -95.0172  4581.24 1.74815 7.11575 431.657  4575.48 1.74836 7.26308 -95.0471  4583.58 1.75603 7.15818 426.924  
67  4575.69 1.73086 7.23841 -89.7067  4582.06 1.72501 7.02988 418.571  4578.64 1.74104 7.21718 -91.1008  4582.9 1.72948 7.04499 423.328  
68  4579.07 1.73694 6.93057 -92.6153  4586.78 1.73912 6.80656 415.165  4575.53 1.72539 6.94716 -91.7136  4587.92 1.74251 6.80552 407.574  
69  4572.94 1.71337 7.50309 -87.6587  4581.99 1.73078 7.36178 411.73  4574.04 1.71417 7.48344 -88.7355  4577.7 1.71464 7.34599 416.159  
70  4577.37 1.71924 7.30303 -88.0894  4581.38 1.71395 7.07849 418.03  4578.47 1.71691 7.25448 -89.8837  4582.77 1.72033 7.13804 415.639  
71  4571.81 1.69825 7.39832 -83.6073  4576.26 1.70186 7.19075 412.248  4578.33 1.71327 7.35765 -89.6495  4576.52 1.69838 7.20799 421.337  
72  4574.05 1.70389 7.44825 -86.3714  4580.97 1.71595 7.27324 412.743  4575.71 1.70441 7.41345 -88.1929  4581.21 1.71666 7.27998 413.24  
73  4573.85 1.73291 7.61464 -87.7569  4579.11 1.72549 7.35824 423.32  4570.99 1.7135 7.52543 -87.3787  4577.99 1.72608 7.37422 414.405  
74  4574.87 1.72282 7.48862 -89.4771  4576.43 1.70997 7.26984 422.457  4576.13 1.72596 7.47429 -90.3365  4577.5 1.71112 7.26998 423.608  
75  4570.52 1.69876 7.69402 -82.1296  4573.98 1.70389 7.54053 413.696  4571.69 1.69834 7.67648 -82.9726  4572.74 1.69904 7.53986 416.385  
76  4574.71 1.71925 7.23848 -88.6536  4584.43 1.73144 7.05656 412.564  4577.11 1.72591 7.21475 -90.8253  4583.06 1.72617 7.04574 416.79  
77  4574.25 1.70875 7.4872 -86.224  4576.04 1.70442 7.29365 418.372  4572.72 1.70231 7.4666 -85.9093  4575.97 1.70578 7.3217 414.362  
78  4574.94 1.71432 7.2793 -87.8936  4583.17 1.7258 7.11667 411.586  4575.81 1.71667 7.26476 -88.5967  4581.91 1.72101 7.12201 413.639  
79  4575.7 1.70944 7.03375 -85.653  4582.21 1.71352 6.83324 410.887  4578.19 1.71522 7.00245 -88.255  4584.34 1.71942 6.83847 411.793  
80  4575.9 1.71821 7.17011 -89.4758  4581.24 1.72075 7.02169 414.251  4576.87 1.72068 7.15822 -90.3603  4579.93 1.71388 7.00303 417.466  
81  4573.8 1.708 7.85406 -82.2269  4571.49 1.69409 7.65707 424.5  4571.42 1.697 7.80391 -80.723  4572.7 1.69681 7.66802 417.38  
82  4577.25 1.73378 7.16517 -88.5623  4582.07 1.72502 6.97221 421.422  4576.84 1.72543 7.12473 -90.6252  4585.17 1.73478 6.99465 413.513  
83  4572.66 1.70197 7.47289 -85.6501  4578.43 1.70858 7.26413 413.271  4579.07 1.72386 7.48436 -90.5585  4580.8 1.71562 7.29091 424.093  
84  4572.43 1.72523 7.61123 -88.1382  4575.61 1.71828 7.40955 423.201  4575.83 1.73483 7.59479 -89.0804  4581.02 1.73024 7.40938 424.14  
85  4572.48 1.71539 7.80438 -84.239  4573.1 1.70984 7.62247 422.575  4573.36 1.71688 7.78842 -85.1367  4573.87 1.71046 7.63149 422.948  
86  4571.1 1.71152 7.79254 -84.2189  4571.34 1.70389 7.63581 422.431  4572.8 1.71265 7.77031 -85.519  4572.1 1.70465 7.64315 423.651  
87  4576.76 1.71535 7.02632 -89.8555  4581.56 1.71889 6.87106 412.899  4580.39 1.73198 7.03123 -91.617  4584.61 1.72774 6.90512 419.388  
88  4574.89 1.7239 7.35621 -88.2216  4581.45 1.72325 7.14151 418.084  4577.11 1.73069 7.35277 -89.401  4583.75 1.72965 7.15579 419.662  
89  4570.82 1.70418 7.73914 -83.163  4571.4 1.69908 7.55702 419.318  4574.48 1.71487 7.72359 -85.9375  4573.84 1.70595 7.58421 422.162  
90  4577.56 1.73314 6.9536 -91.7608  4585.24 1.73481 6.8021 414.86  4579.24 1.73537 6.93864 -93.2829  4585.04 1.73143 6.80407 417.413  
91  4573.91 1.71383 7.05628 -89.6501  4585.56 1.73254 6.90147 406.929  4577.02 1.72247 7.04526 -91.591  4582.66 1.72096 6.9032 414.311  
92  4573.54 1.72849 7.65026 -87.1217  4578.29 1.72187 7.39432 423.345  4573.64 1.72463 7.60207 -88.3471  4580.69 1.72926 7.42873 418.519  
93  4573.92 1.72182 7.29963 -87.9874  4582.63 1.72976 7.11627 414.045  4574.09 1.71338 7.24062 -88.7915  4582.46 1.73197 7.1312 409.86  
94  4565.57 1.69453 7.94248 -75.1238  4568.35 1.69697 7.76461 414.581  4568.68 1.69956 7.89947 -78.8101  4567.7 1.69104 7.77205 418.5  
95  4578.25 1.74207 7.05298 -93.7847  4587.03 1.74441 6.88596 416.516  4575.52 1.73224 7.06109 -91.9266  4583.41 1.7354 6.91996 415.38  
96  4576.31 1.72829 7.28282 -89.8432  4581.26 1.71852 7.02536 420.451  4576.71 1.73119 7.31651 -88.5718  4582.26 1.72058 7.0414 421.518  
97  4575.03 1.73134 7.10964 -90.5062  4586.05 1.73821 6.88956 413.909  4574.14 1.72501 7.10573 -89.3093  4584.96 1.73642 6.91013 411.88  
98  4576.02 1.74623 7.32508 -91.0332  4585.98 1.74802 7.09923 421.251  4577.38 1.74878 7.32669 -90.4571  4582.13 1.73701 7.13862 427.656  
99  4579.86 1.74871 7.16176 -93.3013  4586.65 1.74687 6.98701 421.862  4577.66 1.74442 7.17612 -90.9905  4588.9 1.75144 6.99522 417.478  
100  4581.2 1.75615 6.77082 -98.1205  4588.88 1.7483 6.63606 420.593  4578.86 1.75072 6.80037 -96.5605  4589.96 1.75059 6.66134 417.474  
101  4574.07 1.73522 7.48951 -87.9936  4583.48 1.73441 7.21195 421.187  4572.94 1.72392 7.48094 -88.4835  4580.29 1.72276 7.22098 418.588  
102  4573.99 1.78267 6.4281 -117.596  4598.8 1.77246 6.35544 426.114  4565.78 1.76211 6.48642 -104.026  4596.91 1.76747 6.35456 413.872  
103  4576.74 1.72092 7.19392 -88.285  4578.24 1.70602 6.95996 420.679  4575.71 1.71595 7.19487 -86.7721  4580.76 1.70936 6.95326 415.784  
104  4575.04 1.7399 7.36509 -89.8164  4586.17 1.74543 7.1093 418.02  4577.55 1.74585 7.31889 -90.1682  4582.64 1.73303 7.11813 425.955  
105  4570.35 1.73136 7.80804 -84.7299  4579.98 1.73609 7.53057 418.771  4573.08 1.74038 7.79657 -85.0007  4581.45 1.7389 7.528 423.195  
106  4579.03 1.75432 7.32874 -94.7269  4586.95 1.75594 7.15145 424.124  4579.37 1.75363 7.3154 -93.8472  4584.07 1.74227 7.14236 427.234  
107  4575.5 1.71009 7.19024 -88.7058  4583.05 1.71605 6.96703 411.34  4574.29 1.70884 7.21514 -86.7372  4582.6 1.71231 6.96135 411.96  
108  4574.94 1.72601 7.35743 -89.5043  4584.08 1.72933 7.09237 416.835  4576.06 1.73251 7.3696 -88.5048  4584.16 1.72776 7.09672 420.596  
109  4575.29 1.73182 7.28181 -89.6282  4585.8 1.7401 7.03375 415.685  4577.22 1.73906 7.25424 -89.0279  4586.19 1.73714 7.02734 419.698  
110  4574.49 1.72883 7.55295 -88.737  4580.14 1.72015 7.2438 421.693  4573.83 1.72663 7.56209 -87.6999  4583.4 1.73323 7.30019 417.955  
111  4572.25 1.72798 7.75732 -86.332  4578.82 1.72598 7.44756 422.217  4571.56 1.72373 7.72883 -85.6866  4580.34 1.7275 7.4568 418.542  
112  4566.49 1.69762 7.6357 -83.0058  4573.96 1.71659 7.45393 408.906  4570.38 1.71078 7.66542 -84.6743  4573.42 1.70823 7.43221 417.898  
113  4583.47 1.75098 7.11909 -94.3643  4584.77 1.73078 6.93458 428.61  4580.05 1.74266 7.15726 -91.2623  4587.65 1.73892 6.95088 421.906  
114  4571.7 1.71039 7.63169 -86.57  4582.47 1.73041 7.41561 411.965  4564.75 1.69257 7.68029 -78.9111  4576.25 1.71356 7.39341 407.273  
115  4576.14 1.72638 6.97699 -93.1143  4590.62 1.74766 6.79555 408.45  4584.12 1.74833 6.93401 -95.9444  4589.36 1.73903 6.78236 422.959  
116  4571.51 1.71243 7.522 -87.6966  4576.92 1.71659 7.28578 415.075  4573.31 1.72514 7.56742 -87.3524  4581.51 1.7242 7.29703 419.008  
117  4574.14 1.73095 7.66851 -87.2679  4583.24 1.7323 7.38639 420.708  4572.84 1.72417 7.66204 -86.0098  4582.32 1.72885 7.38128 418.164  
118  4577.74 1.72792 7.01653 -90.4616  4585.7 1.7262 6.78012 414.829  4575.82 1.7212 7.00794 -89.2891  4589.59 1.7368 6.78887 407.735  
119  4575.23 1.73068 7.38463 -88.8563  4582.29 1.72308 7.07178 421.142  4574.16 1.7262 7.37518 -87.9305  4586.12 1.7353 7.12895 414.996  
120  4578.29 1.74946 7.01181 -94.536  4587.26 1.74587 6.82079 419.387  4585.75 1.76115 6.93039 -99.2509  4586.82 1.74329 6.83816 428.263  
121  4574.95 1.72759 7.36217 -88.7085  4584.31 1.73025 7.0841 418.52  4574.9 1.72594 7.37246 -87.7989  4583.16 1.72314 7.10501 419.258  
122  4574.78 1.71528 7.49544 -88.7355  4583.48 1.72655 7.27478 413.744  4574.55 1.71801 7.51933 -86.8812  4579.19 1.71202 7.27088 418.558  
123  4573.17 1.73617 7.52548 -87.4274  4582.49 1.73617 7.25498 420.433  4572.45 1.7326 7.55174 -87.0519  4582.09 1.73245 7.25952 419.169  
124  4575.51 1.72403 7.38789 -89.3067  4585.23 1.73138 7.12309 415.846  4574.3 1.71862 7.37619 -88.166  4582.52 1.72236 7.13228 415.388  
125  4572.16 1.70933 7.62981 -85.9325  4576.07 1.71089 7.41417 416.138  4570.3 1.70597 7.66793 -83.4059  4579.82 1.72024 7.38722 411.259  
126  4570.13 1.74162 6.77275 -92.6652  4593.54 1.76012 6.56734 407.962  4578.6 1.74977 6.68973 -95.1977  4591.81 1.75019 6.57911 415.733  
127  4574.72 1.74965 6.68591 -97.7101  4589.48 1.75385 6.5487 413.715  4574.11 1.75969 6.66317 -102.8  4594.8 1.76935 6.58592 414.406  
128  4568.44 1.67677 7.46492 -75.2954  4572.61 1.67738 7.25964 411.34  4567.21 1.67394 7.4591 -73.5998  4580.67 1.69834 7.20804 401.202  
129  4573.39 1.70056 7.42326 -85.6288  4579 1.70379 7.1722 414.7  4573.92 1.70124 7.39128 -85.8717  4578.54 1.70047 7.18067 414.344  
130  4568.09 1.68668 7.9176 -74.5222  4565.5 1.67139 7.77984 421.92  4568.12 1.68628 7.9138 -73.8933  4567.44 1.67354 7.74397 419.389  
131  4572.01 1.69348 7.32879 -83.3143  4578.43 1.69877 7.08478 411.886  4574.9 1.70021 7.2962 -85.9714  4580.05 1.70032 7.07777 413.694  
132  4558.81 1.66693 7.86035 -66.7135  4565.23 1.67417 7.64293 411.384  4562.3 1.67264 7.8359 -68.6828  4572.23 1.68686 7.59034 408.348  
133  4580.44 1.73018 6.90754 -90.8888  4584.96 1.72143 6.68614 418.378  4580.69 1.72857 6.87523 -91.4555  4585.4 1.72014 6.6871 416.335  
134  4579.05 1.72334 7.12121 -89.4264  4583 1.71522 6.86297 418.962  4576.88 1.71009 7.09063 -88.7321  4586.59 1.72454 6.89519 407.8  
135  4571.35 1.69193 7.58534 -80.3039  4572.84 1.68607 7.3753 417.143  4568.88 1.68663 7.58589 -77.2699  4575.52 1.69311 7.35571 410.808  
136  4570.46 1.69055 7.39419 -81.1177  4572.5 1.69034 7.18595 413.872  4572.49 1.69457 7.36172 -82.9735  4579.47 1.70246 7.12974 409.356  
137  4568.06 1.74182 6.46672 -93.5031  4593.37 1.74822 6.26442 408.12  4571.21 1.74742 6.42476 -93.9146  4593.08 1.74555 6.27553 410.348  
138  4568.31 1.68449 7.52194 -78.2265  4575.17 1.69417 7.2585 410.431  4568.42 1.68374 7.4938 -78.1117  4574.32 1.68824 7.27087 410.312  
139  4573.51 1.70313 7.70961 -84.3106  4573.4 1.69603 7.51285 421.05  4573.58 1.70251 7.6889 -84.4471  4576.56 1.70147 7.49632 417.477  
140  4575.56 1.71231 7.40118 -88.9818  4581.64 1.71445 7.14892 416.473  4575.56 1.71136 7.38056 -88.8511  4580.83 1.71171 7.16433 416.312  
141  4576.6 1.71564 7.46193 -88.1336  4578.2 1.70557 7.20429 421.844  4575.71 1.70989 7.41125 -87.5386  4582.42 1.71728 7.23358 414.269  
142  4576.59 1.70912 7.24201 -85.9658  4574.84 1.69152 7.02505 420.618  4573.69 1.70221 7.22926 -84.2201  4582.81 1.71107 7.00358 408.709  
143  4577.19 1.7281 7.44168 -89.5298  4584.86 1.72615 7.14421 424.316  4578.78 1.73492 7.4129 -89.1809  4586.09 1.72901 7.17038 426.734  
144  4578.65 1.73329 6.7359 -91.5916  4590.46 1.73766 6.5387 412.228  4578.51 1.73044 6.70731 -91.8429  4590.13 1.73703 6.55462 410.159  
145  4576.55 1.70682 7.42242 -88.078  4580.9 1.70973 7.16308 418.042  4577.29 1.70733 7.39506 -88.561  4580.41 1.70582 7.18747 417.76  
146  4573.25 1.70655 7.37554 -87.1161  4581.18 1.71374 7.12682 412.715  4576.38 1.71632 7.36062 -88.848  4577.7 1.70444 7.14521 421.422  
147  4572.07 1.69849 7.57415 -84.1543  4574.45 1.69712 7.36614 417.721  4576.85 1.71318 7.55762 -87.8908  4577.65 1.70194 7.32544 421.979  
148  4573.74 1.70471 7.67913 -85.0328  4572.89 1.69518 7.48229 423.224  4571.97 1.69925 7.66951 -83.5801  4575.99 1.69994 7.46385 416.411  
149  4573.88 1.70333 7.45506 -86.6006  4576.21 1.6997 7.21661 418.035  4570.02 1.69377 7.45576 -82.4157  4577.85 1.70287 7.22505 410.019  
150  4570 1.69893 7.54608 -84.7176  4576.73 1.70767 7.29253 413.735  4570.41 1.6978 7.52224 -84.6042  4579.66 1.71338 7.28291 410.641  
151  4570.24 1.69379 7.8033 -79.2447  4574.54 1.69682 7.58701 416.532  4567.24 1.68807 7.80762 -76.1935  4573.38 1.6913 7.58105 413.707  
152  4575.88 1.72178 7.27326 -89.2594  4584.01 1.7242 7.00508 416.818  4576.23 1.72025 7.23414 -89.3515  4583.04 1.72147 7.03301 417.073  
153  4578.01 1.719 6.94658 -92.2672  4586.43 1.7248 6.74295 411.842  4581.09 1.73557 6.97149 -91.5565  4589.38 1.73229 6.78051 419.628  
154  4574.46 1.71398 7.33239 -89.464  4580.97 1.71795 7.09786 415.856  4574.56 1.71473 7.32198 -89.3792  4581.08 1.71646 7.11517 415.377  
155  4572.89 1.69592 7.16351 -82.6466  4576.71 1.69432 6.95872 412.619  4574.17 1.69883 7.13978 -83.8108  4578.41 1.69661 6.93558 412.03  
156  4576.6 1.73188 6.63818 -92.4354  4593.6 1.74241 6.4538 407.758  4582.23 1.74267 6.60976 -94.4988  4589.88 1.73248 6.47499 416.7  
157  4576.12 1.722 7.0481 -88.8213  4584.31 1.72516 6.80865 414.072  4575.96 1.72619 7.05588 -88.02  4585.05 1.7309 6.8746 414.084  
158  4571.75 1.69902 7.27778 -83.3812  4576.21 1.69839 7.03624 413.571  4571.98 1.69912 7.2574 -83.086  4579.16 1.70291 7.01237 410.755  
159  4571.2 1.70476 7.90896 -80.9589  4572.05 1.70225 7.72894 419.577  4568.26 1.69626 7.91329 -77.7919  4573.12 1.70139 7.73338 414.111  
160  4575.2 1.68915 7.32801 -82.5305  4578.2 1.68602 7.11253 410.339  4579.2 1.69804 7.29267 -85.1082  4581.95 1.69624 7.07737 414.158  
161  4563.4 1.66488 7.66997 -69.181  4568.28 1.67023 7.51217 407.902  4568.65 1.67574 7.65264 -72.8376  4572.88 1.67656 7.46796 411.309  
162  4568.3 1.68444 7.74673 -76.25  4567.36 1.67408 7.57248 415.083  4568.31 1.6837 7.75962 -75.429  4566.66 1.67147 7.58187 417.336  
163  4577.55 1.69203 7.15487 -81.07  4578.8 1.68542 6.95419 411.188  4575.09 1.68722 7.17469 -78.5019  4580.03 1.68696 6.94666 408.465  
164  4561.9 1.66188 7.94683 -64.2612  4563.07 1.65918 7.82218 411.91  4559.29 1.65422 7.9705 -62.4888  4561.38 1.65542 7.8239 410.743  
165  4580.87 1.71055 6.80834 -89.5538  4589.29 1.72029 6.62847 404.477  4583.08 1.71999 6.81791 -87.9599  4587.34 1.71406 6.63472 414.413  
166  4574.87 1.69088 7.16406 -80.3904  4577.09 1.68395 6.94519 408.798  4576.67 1.69485 7.15303 -80.8617  4583.71 1.70004 6.90198 407.558  
167  4581.61 1.70877 6.88077 -87.4092  4584.88 1.70158 6.68234 410.272  4574.68 1.69375 6.93732 -80.7378  4581.43 1.69423 6.69168 405.906  
168  4560.47 1.66159 7.81549 -66.1491  4565.64 1.66652 7.65241 407.506  4561.46 1.66215 7.82071 -66.2866  4562.1 1.65887 7.68916 413.368  
169  4572.84 1.69075 7.13171 -80.6798  4581.57 1.70013 6.8882 401.519  4574.19 1.69434 7.14964 -80.9232  4577.89 1.68952 6.90914 409.683  
170  4578.13 1.71218 7.29178 -92.892  4579.94 1.70415 7.06618 420.282  4576.11 1.70561 7.308 -90.3195  4580.72 1.70659 7.09757 417.79  
171  4582.21 1.70515 7.1065 -89.6611  4580.62 1.68938 6.90531 417.034  4577.8 1.69656 7.14399 -85.4775  4579.49 1.68827 6.91655 414.503  
172  4564.57 1.67836 7.84539 -71.5896  4566.32 1.67428 7.65317 412.999  4572.63 1.69364 7.81675 -79.2049  4570.92 1.68219 7.62837 420.139  
173  4573.29 1.69276 7.56464 -81.6061  4574.72 1.68696 7.34641 414.557  4573.47 1.69273 7.56796 -81.1101  4574.83 1.68585 7.33547 416.189  
174  4575.34 1.70384 7.5732 -86.9479  4577.08 1.69733 7.34804 416.444  4578.7 1.71006 7.55694 -88.1078  4582.11 1.71303 7.34852 418.292  
175  4573.14 1.69012 7.33999 -81.7266  4581.28 1.70091 7.09126 406.052  4573.74 1.69107 7.35757 -81.3142  4574.56 1.68092 7.13237 414.493  
176  4561.51 1.66556 8.01395 -64.1623  4560.83 1.65772 7.88388 414.778  4566.07 1.67458 8.00117 -66.8805  4567.87 1.66934 7.82042 415.348  
177  4579.34 1.7027 6.81309 -83.5635  4587.19 1.7062 6.59842 403.869  4579.46 1.70175 6.81552 -82.6643  4587.46 1.70783 6.61039 405.454  
178  4574.8 1.70306 7.30189 -84.6299  4578.94 1.70129 7.07057 411.496  4574.69 1.70168 7.28963 -83.53  4579.48 1.70156 7.05252 412.143  
179  4571.15 1.68585 7.37643 -78.3492  4573.57 1.68005 7.15956 409.902  4574.15 1.69181 7.37702 -79.8237  4578.08 1.69113 7.12877 412.657  
180  4577.64 1.71362 7.28399 -88.8325  4579.43 1.70338 7.06569 418.07  4574.67 1.70235 7.27686 -85.9595  4577.48 1.69887 7.07469 414.206  
181  4572.53 1.69307 7.76871 -79.9663  4571.27 1.68054 7.5862 417.043  4564.14 1.67493 7.82658 -70.0177  4566.07 1.67308 7.64554 412.995  
182  4566.19 1.66797 7.35859 -73.1676  4572.39 1.6758 7.18169 404.293  4570.54 1.67766 7.38048 -75.7527  4571.42 1.67224 7.20472 412.858  
183  4561.71 1.66119 7.67526 -67.9193  4567.19 1.66595 7.50453 407.524  4564.21 1.66584 7.67544 -69.4016  4573.37 1.67662 7.42617 405.847  
184  4572.4 1.70934 6.31367 -81.6909  4584.77 1.71087 6.15874 397.472  4573.41 1.71545 6.29564 -83.2551  4587.91 1.71686 6.14908 401.136  
185  4568.53 1.68547 7.71874 -76.7833  4575.63 1.69499 7.43726 408.86  4563.19 1.6731 7.72861 -70.797  4569.43 1.68158 7.49068 408.463  
186  4561.13 1.65651 7.74806 -65.5794  4569.44 1.66906 7.54447 403.339  4569.55 1.67323 7.70325 -71.4683  4570.99 1.6675 7.54941 414.046  
187  4572.52 1.68913 6.9901 -77.4358  4576.35 1.68394 6.73684 405.808  4572.56 1.68895 6.99395 -76.4068  4578.7 1.68862 6.72952 405.294  
188  4566.91 1.67925 7.31849 -76.3152  4572.02 1.68425 7.07872 404.857  4577.52 1.70237 7.26406 -85.045  4573.83 1.68212 7.07245 417.289  
189  4567.49 1.67371 7.76063 -71.478  4569.81 1.67219 7.60435 410.956  4565.97 1.66968 7.77955 -69.4021  4567.15 1.66599 7.6322 412.622  
190  4573.87 1.69043 7.26386 -81.0986  4576.28 1.68605 7.04481 409.752  4575.87 1.69356 7.24746 -81.168  4579.43 1.69308 7.01375 411.681  
191  4575.52 1.71036 7.42802 -86.7084  4577.54 1.70153 7.17479 416.693  4573.74 1.70335 7.4273 -84.8282  4580.95 1.71388 7.18539 409.776  
192  4567.3 1.68413 7.48005 -76.497  4574.25 1.69045 7.20758 406.879  4570.73 1.68909 7.42923 -79.401  4574.19 1.68507 7.18295 410.39  
193  4578.19 1.70138 7.57273 -84.4544  4574.58 1.68375 7.38061 422.653  4570.23 1.68081 7.56576 -76.1463  4576.6 1.69055 7.39203 408.355  
194  4568.05 1.67978 7.86904 -71.8087  4568.21 1.66854 7.70294 417.048  4566.99 1.67406 7.83953 -69.8933  4573.82 1.68027 7.61761 409.328  
195  4564.68 1.66644 7.7119 -69.5545  4569.64 1.66747 7.49966 410.6  4566.06 1.66672 7.65731 -70.0807  4568.9 1.66526 7.5186 411.551  
196  4572.92 1.68769 7.44103 -79.0463  4573.95 1.67649 7.19945 414.562  4574.18 1.68773 7.39534 -79.6857  4576.57 1.68185 7.17312 412.302  
197  4577.35 1.70631 7.42885 -85.8032  4577.72 1.69164 7.19595 420.321  4574.77 1.69369 7.37627 -83.7747  4577.43 1.68716 7.1759 412.968  
198  4571.43 1.68269 7.376 -79.4707  4577.41 1.68423 7.10428 409.026  4569.85 1.67686 7.30914 -77.7213  4577.79 1.68648 7.1082 404.575  
199  4572.81 1.68576 7.29851 -79.0176  4575.55 1.67861 7.05513 410.804  4575.44 1.68722 7.2366 -80.9402  4575.27 1.67686 7.06539 412.626  
200  4560.99 1.66463 8.13664 -63.0482  4563.15 1.66101 7.99108 413.722  4559.78 1.65915 8.13022 -61.3898  4562.04 1.65716 7.97674 413.273  
201  4573.25 1.69547 7.66449 -81.2717  4572.08 1.67895 7.43126 418.717  4567.91 1.68025 7.61049 -75.3907  4564.32 1.66505 7.51479 417.41  
202  4565.55 1.66901 7.47895 -71.3363  4566.52 1.66227 7.34599 410.877  4568.04 1.67136 7.45822 -72.4053  4565.78 1.65812 7.34137 414.45  
203  4564.55 1.66685 7.61102 -69.6603  4565.3 1.6589 7.46467 413.597  4568.12 1.67085 7.545 -72.203  4564.44 1.65474 7.45967 417.996  
204  4558.52 1.65197 7.80931 -64.3867  4567.95 1.66714 7.5938 402.4  4564.44 1.66356 7.71658 -68.1576  4564.94 1.65786 7.62595 413.562  
205  4573.71 1.69132 7.03176 -78.3114  4581.44 1.6918 6.76376 404.184  4580.11 1.70058 6.92587 -83.5344  4587.44 1.70467 6.72116 405.945  
206  4564.33 1.66925 7.51305 -71.7631  4566.55 1.66597 7.34479 410.599  4565.06 1.66771 7.47197 -71.6334  4572.44 1.67614 7.27714 404.229  
207  4568.65 1.68252 7.67443 -75.8995  4571.75 1.67821 7.45009 412.188  4571.12 1.68426 7.63687 -77.4161  4572.63 1.67958 7.44646 413.616  
208  4561.58 1.66612 7.60914 -70.683  4559.94 1.65316 7.51723 416.568  4565.71 1.67095 7.53669 -73.4512  4564.8 1.66224 7.44809 414.146  
209  4582.19 1.71105 6.82229 -85.3879  4579.93 1.68957 6.66231 417.733  4579.74 1.70311 6.80928 -82.6298  4582.79 1.69282 6.64011 410.321  
210  4577.96 1.7217 7.40644 -89.6486  4588.68 1.73109 7.16693 415.377  4575.76 1.70874 7.34254 -88.6548  4582.37 1.71161 7.15232 412.67  
211  4575.43 1.70313 7.36444 -86.6553  4577.95 1.69551 7.11505 415.823  4572.89 1.69323 7.33672 -84.3217  4578.83 1.69864 7.10405 408.405  
212  4572.53 1.69262 7.5877 -80.9507  4568.46 1.66919 7.40443 422.705  4571.51 1.68839 7.55704 -79.4606  4573.49 1.68314 7.35541 414.571  
213  4568.52 1.6778 7.48289 -75.3165  4573.87 1.67729 7.26552 410.273  4569.63 1.67643 7.43167 -75.6871  4575.43 1.68059 7.2466 408.795  
214  4570.38 1.6844 7.22548 -78.7148  4576.71 1.68803 6.97975 405.988  4571.59 1.68366 7.18967 -79.1508  4578.12 1.6898 6.96845 405.176  
215  4562.66 1.66788 7.71761 -69.1731  4569.4 1.67324 7.50698 407.969  4566.19 1.67163 7.66056 -71.5183  4570.55 1.67225 7.49777 410.941  
216  4571.32 1.68391 7.46861 -78.0274  4570.63 1.67094 7.29191 415.241  4569.92 1.67799 7.42212 -76.0512  4565.63 1.65971 7.33946 417.524  
217  4568.49 1.66266 7.58795 -70.4995  4569.39 1.65397 7.4567 419.072  4568.15 1.65835 7.5568 -69.1532  4569.78 1.65257 7.45372 416.894  
218  4567.15 1.66672 7.27806 -73.1151  4573.46 1.67299 7.09714 403.125  4574.7 1.68039 7.23748 -78.119  4576.69 1.67534 7.0707 409.275  
219  4572.05 1.69127 7.3197 -81.1657  4578.41 1.69135 7.02744 408.335  4579.03 1.70197 7.22303 -85.6791  4580.25 1.69256 7.01769 415.153  
220  4560.21 1.66923 7.94874 -67.1871  4568.99 1.68129 7.67283 406.752  4563.51 1.67434 7.8795 -69.3226  4570.3 1.68217 7.66584 408.618  
221  4572 1.68048 7.25925 -76.1292  4568.15 1.65892 7.09689 417.261  4572.89 1.67969 7.21145 -76.689  4575.42 1.67338 7.0276 408.622  
222  4571.98 1.69741 7.72758 -81.2544  4576.74 1.697 7.47413 414.769  4573.24 1.69573 7.67515 -81.8603  4572.08 1.68391 7.50964 419.029  
223  4574.7 1.7003 7.08296 -82.1762  4578.08 1.68984 6.8338 410.874  4578.44 1.70548 7.00626 -85.3011  4584.8 1.70465 6.77405 408.406  
224  4576.06 1.68827 7.46048 -79.5799  4577.92 1.67932 7.20309 415.119  4582.64 1.70102 7.38124 -85.5742  4577.77 1.67996 7.21238 427.048  
225  4559.27 1.64313 7.92766 -61.4482  4565.69 1.65352 7.74278 405.14  4562.86 1.6551 7.87681 -63.5343  4559.8 1.62994 7.74889 423.822  
226  4558.81 1.64331 8.08596 -60.1375  4560.4 1.63797 7.94758 413.929  4562.19 1.65283 8.02102 -62.7379  4562.15 1.63613 7.88662 419.763  
227  4565.02 1.65632 7.59832 -66.5507  4564.59 1.64761 7.50877 415.189  4569.29 1.66486 7.55557 -70.5726  4568.45 1.65117 7.43587 417.729  
228  4573.62 1.67607 7.29297 -75.2746  4572.59 1.6619 7.10635 415.076  4565.31 1.65747 7.29455 -69.5296  4577.59 1.67565 7.06682 397.469  
229  4573.51 1.6866 7.30315 -81.4006  4580.97 1.6903 7.0338 407.333  4570.58 1.68044 7.30352 -78.7908  4574.61 1.67677 7.09201 410.593  
230  4573.44 1.69311 7.35834 -81.1733  4577.31 1.69003 7.07853 411.287  4573.72 1.69594 7.35158 -82.0266  4576.99 1.68713 7.069 414.061  
231  4571.73 1.68034 7.57194 -74.5046  4576.25 1.6785 7.33077 411.588  4572.98 1.68443 7.57877 -76.0126  4576.54 1.67887 7.32363 415.161  
232  4580.57 1.70363 7.26894 -83.4855  4579.19 1.68806 7.02745 417.71  4569.82 1.67842 7.30362 -75.3196  4579.03 1.68822 7.03352 402.374  
233  4564.8 1.67222 7.81581 -69.626  4571.96 1.67786 7.54774 409.442  4571.28 1.68664 7.78037 -75.9401  4576.52 1.6854 7.52967 414.834  
234  4570.18 1.67368 7.76288 -70.5812  4568.34 1.66098 7.60215 419.501  4563.28 1.66187 7.78655 -66.757  4565.82 1.65541 7.62938 414.197  
235  4580.53 1.7036 6.63426 -83.0018  4586.54 1.69773 6.40648 405.478  4582.49 1.7079 6.61376 -85.298  4589.12 1.70513 6.3992 407.4  
236  4575.04 1.68788 7.44826 -79.2621  4574.52 1.67539 7.21848 417.479  4574.14 1.68528 7.4279 -78.1528  4576.67 1.67777 7.19458 414.557  
237  4572.37 1.68973 7.043 -79.0231  4589.07 1.71641 6.73691 396.445  4582.55 1.71253 6.96278 -85.8859  4583.41 1.69879 6.75085 418.718  
238  4576.84 1.71525 7.27486 -86.4147  4586.18 1.71801 6.98932 417.701  4579.81 1.72314 7.23936 -88.7351  4586.85 1.72533 7.06023 424.412  
239  4570.15 1.67579 7.48593 -73.6507  4576.9 1.67944 7.25189 406.926  4573.65 1.68464 7.51149 -76.3703  4569.65 1.66344 7.32229 422.672  
240  4572.4 1.68031 7.55961 -74.9766  4572.34 1.67217 7.37484 415.276  4570.83 1.6762 7.53634 -73.827  4578.41 1.68226 7.29824 408.262  
241  4574.07 1.68963 7.15732 -77.8658  4576.71 1.68016 6.9083 411.06  4575.94 1.69465 7.14011 -79.3718  4581.74 1.69125 6.87612 412.098  
242  4567.09 1.66838 7.69859 -69.5921  4571 1.66824 7.52244 411.977  4569.57 1.67407 7.68666 -72.2126  4568.7 1.66046 7.55286 418.745  
243  4579.74 1.69998 6.86897 -82.0111  4585.84 1.69845 6.62886 408.979  4574.33 1.68892 6.92774 -78.1255  4584.02 1.69319 6.64717 404.046  
244  4569.66 1.67569 7.38259 -74.5921  4576.46 1.68011 7.15766 405.852  4569.81 1.67648 7.38263 -75.0355  4576.18 1.67754 7.15094 408.043  
245  4578.88 1.70375 7.52097 -85.7755  4576 1.68545 7.30304 424.552  4572.09 1.68996 7.55742 -80.2476  4573.96 1.67924 7.33143 418.166  
246  4574.72 1.69245 6.93079 -78.2188  4584.27 1.69792 6.64935 402.981  4578.14 1.70003 6.88986 -80.7166  4579.37 1.68482 6.6968 413.963  
247  4567.48 1.67597 6.89679 -68.1882  4569.62 1.66658 6.69996 404.892  4574.18 1.69199 6.87872 -73.9815  4578.59 1.68305 6.62805 407.383  
248  4569.5 1.68144 7.50744 -76.158  4575.87 1.68256 7.24258 408.943  4579.84 1.70369 7.43909 -85.8503  4576.83 1.68245 7.22728 424.741  
249  4564.73 1.66706 7.49126 -71.7695  4569.02 1.66683 7.32599 408.787  4572.51 1.6836 7.46652 -77.3724  4572.76 1.67001 7.27122 418.224  
250  4563.45 1.67444 8.14053 -64.8906  4568.99 1.67626 7.87152 410.684  4562.67 1.67382 8.15845 -64.6209  4566.88 1.67059 7.91765 414.003  
251  4574.02 1.68899 7.28817 -79.3357  4574.25 1.67627 7.07659 412.428  4573.32 1.68836 7.27908 -78.885  4574.03 1.67534 7.07177 413.867  
252  4570.96 1.68258 7.07279 -80.1229  4578.16 1.68705 6.83656 402.89  4575.48 1.69446 7.06565 -82.7672  4576.38 1.67838 6.84456 413.138  
253  4571.26 1.6866 7.69186 -77.1915  4574.55 1.68285 7.42569 414.429  4570.54 1.68688 7.67843 -77.3492  4577.29 1.69077 7.41381 413.029  
254  4576.22 1.70254 7.37441 -86.3602  4582.53 1.70425 7.09425 411.917  4577.98 1.70872 7.37074 -87.4976  4583.18 1.70416 7.11195 416.666  
255  4566.44 1.67278 7.84825 -69.539  4569.92 1.67153 7.65615 411.508  4569.94 1.68253 7.83464 -73.4886  4572.98 1.67553 7.62114 415.677  
256  4571.58 1.68941 7.58649 -79.6784  4572.96 1.68033 7.42317 414.453  4566.7 1.67677 7.55544 -74.6086  4566.7 1.66982 7.47268 413.248  
257  4570.12 1.68095 7.6246 -75.7932  4569.8 1.66864 7.50948 415.646  4566.13 1.67111 7.63392 -70.8792  4571.62 1.67401 7.49938 409.569  
258  4565.73 1.67095 7.62065 -70.5597  4565 1.65978 7.54515 414.47  4563.63 1.66646 7.63177 -67.8973  4566.69 1.66481 7.51603 411.127  
259  4574.38 1.6953 7.0878 -83.0339  4579.4 1.69526 6.86113 408.551  4570.62 1.6853 7.08491 -80.986  4577.7 1.69291 6.90842 404.513  
260  4563.88 1.6671 7.37325 -73.2622  4568.57 1.67033 7.24886 405.763  4569.29 1.67809 7.35078 -77.499  4574.79 1.68221 7.18804 407.054  
261  4575.07 1.69925 6.77073 -80.9142  4583.15 1.70309 6.56259 401.371  4576.71 1.69967 6.74833 -81.7391  4577.78 1.68818 6.60478 408.081  
262  4574.42 1.69381 7.01223 -80.6436  4581.67 1.69776 6.78394 404.072  4573.56 1.69113 6.98785 -80.567  4579.85 1.69342 6.78465 405.118  
263  4563.6 1.67069 7.65675 -70.8788  4568.72 1.67257 7.48479 407.393  4567.8 1.67681 7.58708 -74.3216  4576.7 1.69315 7.43741 405.991  
264  4571.14 1.68835 7.6227 -79.4142  4575.64 1.68817 7.40839 411.786  4567.72 1.67891 7.5983 -75.7282  4571.63 1.67809 7.44515 411.255  
265  4572.8 1.6872 7.59647 -78.768  4575.2 1.68215 7.39303 413.835  4568.38 1.67619 7.57262 -74.3878  4570.75 1.67361 7.46611 411.461  
266  4573.02 1.69815 7.19096 -83.5956  4580.46 1.70049 6.94909 407.031  4576.54 1.70484 7.15276 -86.7179  4580.49 1.70023 6.95773 412.304  
267  4561.19 1.66466 7.94114 -64.8724  4562.2 1.65739 7.82042 415.093  4560.98 1.66341 7.92012 -64.404  4565.76 1.66632 7.77703 411.306  
268  4572.67 1.69464 7.54621 -82.1223  4569.62 1.67784 7.41823 419.091  4577.41 1.70393 7.51239 -87.1623  4576.39 1.69439 7.37489 420.271  
269  4571.16 1.68959 7.48591 -80.4235  4576.57 1.69278 7.27019 410.247  4574.68 1.69387 7.43492 -83.4132  4577.57 1.69441 7.2679 413.654  
270  4561.36 1.66093 7.89173 -65.1787  4560.33 1.65015 7.81584 416.651  4566.27 1.66908 7.82869 -68.0543  4563.76 1.65412 7.79466 419.803  
271  4572.32 1.68404 7.75851 -75.6675  4569.97 1.67046 7.6543 419.634  4566.96 1.67286 7.76587 -70.5448  4569.64 1.67055 7.65422 413.512  
272  4578.31 1.70768 7.23329 -86.2407  4582.95 1.70602 7.01348 414.502  4579.16 1.70787 7.20914 -87.5068  4579.72 1.69932 7.0552 419.254  
273  4579.95 1.69712 6.91992 -83.7394  4578.92 1.68235 6.75759 412.994  4579.82 1.69503 6.91582 -83.5121  4578.86 1.68187 6.76152 413.498  
274  4573.56 1.68917 7.17563 -79.2442  4582.09 1.697 6.91532 404.779  4578.1 1.69803 7.11972 -83.6557  4575.51 1.68259 6.9954 417.101  
275  4567.17 1.67633 7.77767 -71.5825  4572.33 1.6809 7.61347 410.392  4566.35 1.67392 7.76287 -70.7485  4565.63 1.66578 7.6937 417.234  
276  4578.57 1.70577 7.09842 -84.9776  4576.17 1.68651 6.95085 417.21  4579.6 1.70701 7.07153 -86.4617  4578.1 1.69402 6.92512 417.653  
277  4560.39 1.65308 7.63452 -65.4545  4570.88 1.67175 7.44201 399.053  4571.82 1.67639 7.53305 -73.9207  4573.19 1.67146 7.44508 413.689  
278  4574.57 1.69041 7.38935 -81.3478  4573.9 1.67981 7.24587 414.726  4576.93 1.69406 7.35741 -83.7037  4577.84 1.69038 7.22214 414.86  
279  4575.4 1.69057 7.31395 -80.8987  4574.65 1.67958 7.16083 415.269  4575.72 1.69091 7.27993 -81.555  4576.57 1.68478 7.15024 413.647  
280  4578.21 1.69625 7.21324 -83.1446  4585.26 1.70015 6.98291 409.444  4575.4 1.68558 7.19417 -80.9935  4579.33 1.68713 7.03362 408.347  
281  4581 1.70917 6.83086 -86.7563  4582.85 1.69985 6.65842 411.323  4578.56 1.70234 6.83929 -85.386  4586.64 1.70952 6.6522 404.556  
282  4580.66 1.71143 6.95795 -90.3673  4588.14 1.72066 6.78897 407.566  4586.85 1.73655 6.98459 -92.5448  4587.95 1.71889 6.80356 429.003  
283  4578.93 1.71751 6.98286 -87.9914  4584.37 1.71315 6.80504 411.871  4579.32 1.71442 6.96741 -89.2319  4583.95 1.71139 6.80109 411.526  
284  4575.68 1.70094 7.33902 -85.6648  4580.4 1.70227 7.10784 411.154  4575.84 1.69984 7.31268 -86.0798  4578.02 1.69554 7.12613 413.783  
285  4573.14 1.70167 7.67345 -84.438  4572.68 1.6963 7.53351 417.831  4573.78 1.70219 7.64919 -85.4541  4574.26 1.69991 7.55072 417.61  
286  4570.56 1.68974 7.53388 -80.2963  4576.24 1.69719 7.33311 409.007  4573.47 1.69388 7.49227 -82.7372  4570.46 1.67924 7.38522 418.857  
287  4579.88 1.72078 6.7834 -89.7159  4588.69 1.72392 6.59202 406.97  4580.7 1.71963 6.77302 -90.1954  4586.7 1.71827 6.60972 409.986  
288  4564.19 1.663 7.74932 -68.008  4567.24 1.66081 7.62638 414.508  4568.68 1.67346 7.75479 -71.0761  4569.14 1.66507 7.61065 419.967  
289  4564.59 1.66255 7.40095 -70.341  4563.89 1.65196 7.31085 414.809  4566.75 1.66852 7.42997 -71.4267  4569.79 1.66604 7.26853 412.514  
290  4577.9 1.70031 7.23831 -85.5159  4581.64 1.69813 7.02851 415.869  4573.51 1.69214 7.25559 -80.9978  4575.13 1.68281 7.07715 415.608  
291  4565.6 1.66489 7.73888 -67.9354  4566.32 1.65628 7.62793 417.752  4570.97 1.67647 7.69795 -72.4479  4565.84 1.65556 7.62725 425.362  
292  4569.95 1.67266 7.48901 -74.1451  4570.28 1.66584 7.39802 416.708  4569.5 1.67381 7.508 -73.3913  4574.16 1.67423 7.35334 412.67  
293  4565.87 1.67047 7.70905 -71.1445  4569.39 1.66897 7.56565 413.726  4568.72 1.6776 7.71753 -72.7091  4565.05 1.65849 7.61986 423.696  
294  4565.56 1.6743 7.46727 -75.5716  4578.27 1.70028 7.26807 402.335  4577.63 1.70232 7.46306 -86.3752  4577.64 1.69371 7.26673 421.517  
295  4572.52 1.68011 7.04221 -77.9521  4570.26 1.66228 6.89515 415.016  4570.55 1.67731 7.06704 -75.8871  4575.6 1.67688 6.87626 407.671  
296  4563.77 1.65928 7.67199 -67.544  4560.69 1.64217 7.5975 420.855  4555.9 1.64311 7.76342 -62.5042  4567.33 1.66407 7.54333 401.602  
297  4562.63 1.65839 7.79419 -65.8162  4565.44 1.65669 7.69664 413.543  4559 1.65396 7.87162 -63.2558  4558.51 1.64187 7.74975 417.98  
298  4572.72 1.67244 7.63818 -73.2344  4568.64 1.65482 7.56489 424.17  4563.71 1.65573 7.72221 -65.8188  4571.12 1.66467 7.5554 408.095  
299  4567.09 1.67296 7.67365 -72.4541  4574.41 1.67986 7.47789 410.716  4564.48 1.66941 7.70496 -69.7583  4568.14 1.66753 7.54235 414.17  
300  4567.6 1.66451 7.37068 -72.013  4571.77 1.66589 7.2538 408.39  4568.23 1.66829 7.41525 -71.8776  4568.26 1.65707 7.28443 415.404  
301  4576.97 1.68692 7.19084 -81.5652  4576.53 1.67413 7.03063 416.844  4575.38 1.68511 7.20754 -79.8419  4578.59 1.6818 7.02759 412.306  
302  4569.91 1.67635 7.48809 -75.5927  4571.3 1.67159 7.35288 415.823  4561.89 1.66013 7.52492 -68.0827  4570.52 1.67361 7.3694 404.977  
303  4569.22 1.67268 6.88213 -72.3997  4581.88 1.69177 6.66958 395.825  4569.58 1.67604 6.90252 -71.0711  4578.18 1.68275 6.6996 401.821  
304  4566.06 1.66786 7.72083 -69.4527  4570.13 1.66689 7.58963 413.744  4562.83 1.66363 7.76649 -66.6765  4565.28 1.65808 7.61562 415.216  
305  4571.08 1.67441 7.57783 -73.853  4573.7 1.67117 7.46381 415.247  4562.4 1.65751 7.65142 -66.1561  4567.26 1.66125 7.48809 410.124  
306  4575.25 1.69634 7.43502 -84.7114  4579.34 1.69631 7.22824 415.82  4577.51 1.70312 7.43454 -85.2292  4576.17 1.6885 7.24705 423.694  
307  4564.61 1.66742 7.6949 -69.5699  4565.83 1.66134 7.59026 414.954  4571.47 1.68336 7.69341 -75.3867  4568.04 1.66605 7.58786 424.027  
308  4578.28 1.70314 7.2791 -87.0689  4582.69 1.70238 7.05797 416.39  4577.44 1.70173 7.2793 -85.4063  4577.13 1.68862 7.07122 420.196  
309  4575.68 1.68535 7.48062 -80.7328  4576.05 1.67826 7.30366 419.34  4573.24 1.68169 7.50002 -77.699  4573.87 1.67385 7.3528 418.281  
310  4573.19 1.68756 7.35057 -80.169  4573.66 1.6784 7.16252 416.695  4571.38 1.68569 7.36676 -78.0401  4573.35 1.67808 7.16805 415.445  
311  4567.73 1.67149 7.62459 -71.6661  4567.71 1.66209 7.54157 415.931  4562.46 1.66274 7.68224 -66.8081  4565.15 1.66098 7.55779 413.411  
312  4575.06 1.6868 7.42721 -79.8806  4576.97 1.68034 7.22059 416.238  4572.14 1.68197 7.45049 -76.6406  4577.47 1.68336 7.22274 412.374  
313  4574.93 1.69491 7.70981 -82.3864  4574.11 1.68788 7.56986 421.141  4574.3 1.69533 7.72672 -81.17  4572.26 1.68116 7.53965 422.593  
314  4565.32 1.6753 7.82243 -71.3909  4570.38 1.67672 7.64976 412.322  4573.18 1.69109 7.79041 -78.0574  4574 1.6862 7.63283 418.747  
315  0 2.19 60 0  0 2.19 60 0  0 2.19 60 0  0 2.19 60 0  
316  0 2.19 60 0  0 2.19 60 0  0 2.19 60 0  0 2.19 60 0  
317  0 2.19 60 0  0 2.19 60 0  0 2.19 60 0  0 2.19 60 0  
318  0 2.19 60 0  0 2.19 60 0  0 2.19 60 0  0 2.19 60 0  
319  0 2.19 60 0  0 2.19 60 0  0 2.19 60 0  0 2.19 60 0  
320  0 2.19 60 0  0 2.19 60 0  0 2.19 60 0  0 2.19 60 0  
321  4576.59 1.76515 6.91877 -101.902  4591.1 1.78141 6.85606 418.969  4580.58 1.76879 6.92023 -99.7988  4588.44 1.77152 6.83291 422.738  
322  4583.07 1.7765 7.12319 -105.333  4588.09 1.78564 7.132 426.683  4578.02 1.76334 7.17043 -99.0134  4587.64 1.77849 7.09784 422.086  
323  4576.3 1.77296 6.54629 -108.89  4593.23 1.77512 6.50824 418.791  4568.12 1.75902 6.62987 -102.133  4595.07 1.77677 6.48331 412.681  
324  0 2.19 60 0  0 2.19 60 0  0 2.19 60 0  0 2.19 60 0  
325  4575.26 1.74016 7.15342 -94.3316  4587.21 1.76285 7.02647 418.864  4576.25 1.74265 7.17335 -93.1255  4586.81 1.75787 6.98858 419.092  
326  4567.69 1.77031 6.89551 -105.129  4593.9 1.7948 6.82489 417.978  4574.62 1.7683 6.88802 -102.356  4590.11 1.78082 6.79412 420.27  
327  4570.03 1.73259 7.64217 -87.7418  4578.21 1.75178 7.49172 422.651  4569.85 1.73249 7.68796 -86.5627  4584.15 1.77033 7.44744 416.731  
328  4574 1.73991 7.34642 -91.4378  4584.78 1.76317 7.19143 419.92  4573.06 1.73439 7.37391 -89.5656  4584.38 1.75854 7.16648 417.107  
329  4570.92 1.7571 6.68611 -102.183  4591.76 1.77602 6.61982 415.151  4571.81 1.76205 6.70739 -101.968  4593.42 1.77701 6.59329 414.899  
330  4547.87 1.79598 6.37023 -127.788  4601.41 1.79836 6.22252 417.181  4528.64 1.77918 6.44899 -117.727  4605.65 1.80426 6.19514 407.307  
331  4573.67 1.73722 7.27317 -91.9736  4585.05 1.7638 7.14285 419.5  4579.98 1.75498 7.23906 -94.5176  4580.45 1.74395 7.07819 427.972  
332  4579.13 1.76292 7.41626 -95.1135  4580.5 1.76022 7.32614 431.371  4577.06 1.76056 7.45505 -92.6157  4584.36 1.77034 7.28894 425.651  
333  4575.32 1.74813 7.35569 -92.5065  4582.22 1.75742 7.21609 425.51  4571.76 1.73821 7.40862 -89.1598  4582.13 1.75863 7.2108 420.772  
334  4572.83 1.73537 7.32267 -91.3171  4583.27 1.75674 7.13655 419.711  4578.37 1.75343 7.29257 -93.7194  4584.43 1.76196 7.15578 422.761  
335  4575.08 1.7389 7.17655 -93.3029  4583.27 1.7504 7.00801 421.739  4574.27 1.74039 7.20632 -92.4223  4588.94 1.76563 7.01519 416.395  
336  4581.04 1.76018 7.28852 -97.1886  4585.51 1.76739 7.22691 426.592  4577.61 1.75347 7.3524 -93.4784  4585.15 1.76495 7.2065 422.962  
337  4572.86 1.74301 7.48115 -90.6415  4583.24 1.763 7.29669 422.746  4576.84 1.75477 7.47119 -92.2325  4583.27 1.76401 7.29991 425.225  
338  4553.55 1.76379 6.50531 -107.271  4594.26 1.78597 6.40251 412.336  4556.27 1.77063 6.51811 -107.463  4596.01 1.78576 6.38086 412.251  
339  4554.39 1.78681 6.60461 -122.035  4604.07 1.80692 6.48722 416.097  4574.31 1.78612 6.59083 -116.395  4597.97 1.78762 6.47223 421.229  
340  4575.33 1.73943 7.62579 -89.0407  4581.32 1.74754 7.44343 425.075  4571.69 1.71711 7.56698 -88.0676  4579.44 1.74233 7.40878 417.069  
341  4577.75 1.77521 7.07643 -105.722  4592.24 1.7919 7.01742 423.203  4576.41 1.76845 7.10732 -102.358  4590.31 1.78672 7.00878 421.273  
342  4568.49 1.77266 6.99468 -106.063  4593.62 1.79862 6.90135 419.958  4571.71 1.78459 6.98646 -108.914  4594.99 1.80042 6.8931 422.525  
343  4574.1 1.7626 7.02136 -103.228  4590.36 1.78684 6.95468 419.666  4579.82 1.77353 7.0117 -103.583  4588.96 1.77926 6.93865 423.723  
344  4575.5 1.75062 7.34567 -94.1659  4585.4 1.77217 7.24119 422.615  4575.74 1.75083 7.37965 -92.3935  4581.09 1.75996 7.21282 426.132  
345  4568.98 1.73424 6.83985 -94.6979  4584.56 1.76166 6.72666 413.919  4572.13 1.74839 6.83216 -95.3713  4586.74 1.7625 6.69743 416.765  
346  4563.74 1.77016 6.61988 -109.942  4597.32 1.79098 6.52938 415.664  4572.41 1.78198 6.62283 -111.504  4596.93 1.78654 6.50883 420.005  
347  4573.59 1.74002 7.47263 -90.4146  4580.05 1.74688 7.2673 425.018  4571.05 1.72734 7.49999 -89.2143  4584.06 1.7629 7.28037 416.075  
348  4568.96 1.75655 6.83412 -101.383  4592.29 1.78297 6.74724 414.712  4573.46 1.76071 6.82391 -101.787  4591.34 1.77804 6.73199 415.875  
349  4574.49 1.74824 7.19266 -93.0418  4582.19 1.75813 7.07504 423.788  4570.51 1.7374 7.25135 -89.4576  4583.38 1.7625 7.05829 416.897  
350  4572.7 1.74196 7.34174 -92.273  4579.19 1.74479 7.16625 427.541  4574.99 1.74923 7.33704 -93.7288  4584.27 1.76513 7.19371 422.694  
351  4576.47 1.72483 7.31245 -90.3636  4584.65 1.74565 7.16299 416.336  4575.23 1.71794 7.33879 -88.1424  4584.2 1.74161 7.14764 413.709  
352  4564.94 1.77157 6.76542 -103.246  4594.88 1.78634 6.61389 419.546  4551.89 1.77049 6.77555 -107.064  4601.01 1.80179 6.56885 413.352  
353  4572.9 1.75976 7.26863 -95.7341  4589.88 1.78243 7.08644 422.146  4576.41 1.76484 7.22371 -99.0041  4588.68 1.78171 7.07939 424.622  
354  4569.1 1.74393 7.53005 -87.5198  4582.77 1.76344 7.26281 423.851  4575.82 1.75697 7.47004 -91.8474  4580.96 1.76188 7.27041 430.665  
355  4550.35 1.79464 6.47898 -118.595  4600.02 1.79493 6.30104 420.061  4538.45 1.77048 6.54097 -108.705  4598.4 1.7951 6.29606 411.563  
356  4572.35 1.7406 6.98622 -92.0065  4588.85 1.75911 6.77224 416.008  4575.59 1.74517 6.95104 -94.5535  4587.67 1.76066 6.79332 418.449  
357  4554.72 1.76935 6.88602 -102.844  4598.46 1.80026 6.69552 414.929  4564.69 1.78283 6.83621 -108.038  4597.01 1.79683 6.68548 420.231  
358  4566.93 1.73749 7.70341 -86.0076  4581.35 1.76082 7.37196 423.324  4571.16 1.74818 7.64894 -87.8283  4578 1.75686 7.40574 428.758  
359  4573.71 1.76012 7.32985 -95.1728  4586.06 1.77435 7.17914 425.591  4567.61 1.74292 7.42912 -89.4288  4583.76 1.77183 7.18857 421.898  
360  4569.86 1.74506 7.4598 -88.9448  4580.88 1.75731 7.23948 425.739  4570.85 1.74395 7.45531 -89.5461  4582.54 1.76643 7.24201 423.269  
361  4571.34 1.74997 7.54181 -88.0831  4588.08 1.77638 7.30615 421.262  4572.17 1.7454 7.52762 -88.2211  4578.73 1.74982 7.27538 428.15  
362  4573.56 1.74636 7.21626 -89.9959  4585.9 1.75573 6.96699 420.895  4570.18 1.72881 7.23794 -89.1382  4584.77 1.7577 6.98968 416.61  
363  4573.17 1.75771 7.44196 -90.479  4586.67 1.77194 7.20591 423.896  4572.52 1.74639 7.40962 -90.5647  4582.88 1.76363 7.19615 423.718  
364  4572.92 1.74986 7.18684 -92.6018  4588.29 1.76946 6.99129 420.132  4572.87 1.74249 7.20723 -91.0206  4580.33 1.74737 6.97982 424.942  
365  4573.06 1.77665 6.62774 -108.066  4600.81 1.78448 6.51459 418.892  4575.33 1.76701 6.6598 -102.7  4594.69 1.77229 6.50482 420.168  
366  4572.53 1.74461 7.16966 -90.2115  4581.55 1.74366 6.92218 425.435  4571.23 1.74694 7.15068 -93.5947  4590.58 1.77777 6.9636 417.152  
367  4578.32 1.78026 7.04679 -101.397  4594.79 1.7916 7.02145 426.873  4572.69 1.77862 7.06154 -103.609  4596.93 1.80185 6.99492 423.782  
368  4569.73 1.73781 7.68789 -86.0392  4579.74 1.7456 7.39162 430.196  4570.08 1.73109 7.63928 -86.7947  4576.26 1.73909 7.39591 430.691  
369  0 2.19 60 0  0 2.19 60 0  0 2.19 60 0  0 2.19 60 0  
370  0 2.19 60 0  0 2.19 60 0  0 2.19 60 0  0 2.19 60 0  
371  0 2.19 60 0  0 2.19 60 0  0 2.19 60 0  0 2.19 60 0  
372  0 2.19 60 0  0 2.19 60 0  0 2.19 60 0  0 2.19 60 0  
373  0 2.19 60 0  0 2.19 60 0  0 2.19 60 0  0 2.19 60 0  
374  0 2.19 60 0  0 2.19 60 0  0 2.19 60 0  0 2.19 60 0  
375  4571.57 1.73736 7.34026 -88.3919  4586.57 1.75378 7.01893 419.22  4573.45 1.73882 7.33329 -88.4899  4579.97 1.73814 7.02835 426.475  
376  4571.47 1.74868 7.21603 -90.9814  4587.3 1.76781 7.01003 420.02  4572.05 1.74505 7.21009 -90.7737  4583.73 1.76352 7.01023 421.775  
377  4573.43 1.73784 7.10403 -88.3878  4585.41 1.74613 6.84229 418.308  4573.73 1.73601 7.09468 -88.6351  4584.85 1.74932 6.85841 418.106  
378  4569.61 1.71402 7.39624 -87.9282  4582.96 1.74386 7.15495 415.128  4571.53 1.72123 7.41039 -87.7215  4581.46 1.74321 7.16551 419.512  
379  4573.54 1.75206 7.19507 -92.5013  4586.21 1.76349 7.01221 423.338  4575.33 1.75436 7.18064 -94.4264  4586.44 1.76846 7.00982 424.004  
380  4567.47 1.7626 6.89545 -96.4289  4591.39 1.77983 6.74247 417.584  4568.07 1.75112 6.90543 -94.2309  4589.04 1.7714 6.7201 416.535  
381  4553.19 1.77108 6.69348 -104.597  4599.55 1.79453 6.47873 413.217  4566.22 1.76632 6.66236 -101.5  4592.19 1.77636 6.50103 417.47  
382  4573.47 1.76563 7.33769 -95.8871  4591.33 1.78966 7.162 422.159  4576.7 1.77088 7.3095 -99.1034  4590.94 1.79077 7.15806 424.924  
383  4574.03 1.75768 7.43294 -90.7476  4582.45 1.76268 7.22496 428.453  4567.8 1.7308 7.45784 -87.9444  4580.44 1.76083 7.22535 421.104  
384  4574.28 1.73359 7.35265 -89.6798  4581.27 1.74358 7.14145 422.385  4571.6 1.72379 7.35618 -88.701  4579.59 1.73905 7.1388 418.63  
385  4574.64 1.72493 7.27057 -89.7408  4581.82 1.73867 7.05885 420.067  4573.96 1.72598 7.29423 -89.2538  4579.92 1.73068 7.04777 421.039  
386  4574.04 1.72618 6.925 -88.3776  4581.08 1.7376 6.77842 416.549  4571.24 1.72291 6.94069 -88.6837  4586.78 1.75045 6.75697 408.719  
387  4573.21 1.70491 7.55301 -86.273  4570.54 1.70359 7.37415 426.313  4567.36 1.69246 7.61929 -81.0287  4575.52 1.7213 7.40736 414.182  
388  4567.8 1.69987 7.48273 -84.5624  4572.1 1.72217 7.31466 419.474  4569.27 1.70849 7.50836 -87.4262  4573.46 1.72289 7.3005 419.894  
389  4571.9 1.70211 7.6366 -83.5826  4572.2 1.71068 7.4652 422.831  4572.44 1.70518 7.65786 -84.9468  4571.38 1.70585 7.46607 422.814  
390  4527.8 1.81199 7.00888 -127.33  4605.41 1.8334 6.71553 421.946  4528.09 1.82652 6.90464 -143.42  4609.64 1.83873 6.69709 424.589  
391  4572.62 1.713 7.17306 -87.8124  4578.31 1.73094 6.9913 416.496  4571.81 1.71293 7.19084 -87.2837  4576.2 1.72365 6.97754 416.505  
392  4572.67 1.70733 7.39023 -87.5823  4576.02 1.72145 7.22258 420.459  4573.54 1.71292 7.41013 -88.8267  4577.63 1.72478 7.22322 419.16  
393  4574.53 1.72101 7.07893 -90.616  4580.42 1.73736 6.93463 418.236  4574.34 1.72761 7.13025 -90.5956  4583.54 1.74273 6.92731 415.723  
394  4559.69 1.6662 7.98647 -63.1988  4573.14 1.70499 7.68707 407.658  4566.46 1.67956 7.92445 -69.6859  4574.27 1.70442 7.70115 411.59  
395  0 2.19 60 0  0 2.19 60 0  0 2.19 60 0  0 2.19 60 0  
396  4556.99 1.66881 8.06453 -63.4676  4562.16 1.6812 7.77489 418.228  4556.48 1.66742 8.0703 -63.8028  4560.95 1.68013 7.80902 417.338  
397  4565.92 1.68254 7.63953 -75.4653  4571.79 1.69875 7.38212 416.592  4565.28 1.68141 7.64703 -75.7455  4568.15 1.69237 7.43267 417.852  
398  4567.11 1.6774 7.34201 -73.5099  4578.43 1.70647 7.04668 407.438  4571.57 1.68847 7.3086 -77.5752  4577.43 1.70336 7.07466 411.464  
399  4575.93 1.70875 7.02483 -85.1838  4580.97 1.72155 6.86563 413.02  4574.84 1.70687 7.05802 -84.1119  4580.08 1.71779 6.87042 412.705  
400  4574.79 1.72035 6.97272 -89.0923  4583.03 1.74007 6.81039 413.695  4574.59 1.72371 7.00388 -88.8743  4582.38 1.73714 6.79911 414.206  
401  4567.31 1.68474 7.75485 -75.4151  4570.28 1.69786 7.57703 419.172  4570.31 1.69104 7.75831 -78.9029  4571.93 1.70203 7.56374 419.064  
402  4572.65 1.69604 7.37732 -82.594  4578.19 1.71702 7.18592 415.894  4574.29 1.70152 7.37703 -84.7908  4578.89 1.71771 7.19071 415.414  
403  4567.07 1.68718 7.48852 -78.1289  4573.98 1.70794 7.25181 415.174  4571.59 1.69524 7.44975 -83.0264  4575.91 1.71281 7.25334 415.441  
404  4573.27 1.71744 7.21037 -88.9767  4581.71 1.74179 7.03627 415.655  4576.43 1.73841 7.2586 -89.1727  4581.83 1.73728 7.01357 422.001  
405  4572.96 1.72721 7.43364 -88.8121  4581.96 1.74777 7.2113 419.072  4573.25 1.74085 7.50059 -86.3532  4580.9 1.74212 7.19543 423.187  
406  4575.51 1.70837 7.31369 -87.1065  4580.08 1.72223 7.13744 416.782  4575.84 1.71324 7.32768 -87.6795  4577.4 1.71503 7.13924 420.211  
407  4573.49 1.70734 7.30115 -86.7194  4579.37 1.72885 7.14389 415.313  4572.04 1.70421 7.31989 -85.569  4578.3 1.72441 7.14572 413.663  
408  4569.33 1.70025 6.90476 -79.6224  4580.63 1.72757 6.71614 406.243  4575.04 1.71204 6.85855 -84.2382  4580.04 1.72072 6.68906 411.424  
409  4571.88 1.69794 7.70413 -81.5625  4576.06 1.71706 7.49639 418.498  4571.65 1.69889 7.72074 -82.0942  4573.73 1.71024 7.52336 419.061  
410  4580.63 1.73849 7.00053 -92.4065  4580.79 1.72821 6.82059 423.932  4576.2 1.72985 7.04029 -90.297  4584.86 1.74088 6.82761 415.028  
411  4574.63 1.73227 6.94555 -91.4346  4588.88 1.75701 6.78811 413.094  4573.94 1.72994 6.97378 -89.9012  4587.23 1.75018 6.77742 411.493  
412  4572.32 1.71835 7.33782 -87.3573  4578.3 1.73468 7.16158 419.929  4571.16 1.71256 7.31229 -88.4962  4578.99 1.74112 7.15672 413.832  
413  4574.94 1.70872 7.53729 -87.2785  4573.34 1.7089 7.36142 424.487  4568.23 1.69412 7.60122 -80.9019  4575.69 1.7202 7.40093 414.873  
414  4575.69 1.71153 7.44749 -89.0936  4579.42 1.72328 7.25902 420.173  4574.39 1.70877 7.46102 -88.1499  4574.49 1.71005 7.24903 422.327  
415  4567.06 1.68926 7.89762 -74.8235  4568.27 1.69804 7.71916 422.472  4565.52 1.68697 7.94063 -73.5531  4568.59 1.70218 7.7513 419.238  
416  4570.07 1.70454 7.56654 -86.6688  4574.57 1.72254 7.37962 416.859  4572.21 1.71404 7.59873 -88.348  4578.33 1.72874 7.3493 418.075  
417  4571.82 1.71056 7.22423 -89.7402  4575.02 1.71799 7.02411 417.873  4574.31 1.7233 7.25382 -90.7679  4579.37 1.72731 6.99423 419.739  
418  4572.59 1.72062 6.99247 -90.0482  4583.28 1.74409 6.82596 410.049  4574.81 1.73294 7.03046 -89.8776  4580.57 1.73006 6.76692 419.864  
419  4571.08 1.71048 7.72827 -86.2318  4576.76 1.73064 7.5486 416.168  4570.7 1.70776 7.73159 -86.0142  4573.91 1.72062 7.49302 419.768  
420  4571.92 1.73443 7.42695 -88.2163  4582.44 1.74999 7.15644 418.515  4570.9 1.72751 7.41811 -88.5293  4584.45 1.75389 7.13094 414.411  
421  4574 1.72705 6.83723 -87.3546  4579.79 1.7265 6.62891 415.331  4572.48 1.72436 6.85371 -88.0771  4584.31 1.73894 6.62719 410.179  
422  4571.01 1.72712 7.51164 -88.4073  4582.2 1.75323 7.28398 415.712  4571.73 1.73345 7.52937 -88.5482  4580.29 1.74246 7.22963 421.917  
423  4569.89 1.71063 7.59994 -87.5252  4571.84 1.71972 7.4056 420.06  4571.65 1.72455 7.63987 -88.2764  4579.03 1.73233 7.35856 420.055  
424  4572.74 1.74232 7.3208 -89.5991  4582.67 1.7563 7.08735 419.579  4571.67 1.74062 7.34947 -89.0504  4584.39 1.75743 7.06874 418.46  
425  4569.99 1.75085 7.24367 -93.3686  4582.54 1.77247 7.08209 419.603  4573.78 1.75975 7.23038 -95.4961  4583.51 1.76788 7.05845 424.78  
426  4570.5 1.71348 7.64582 -87.6872  4574.9 1.72975 7.45464 418.974  4570.48 1.71968 7.69934 -87.0903  4575.43 1.72633 7.38913 421.999  
427  4571.07 1.7113 7.74836 -85.4235  4573.22 1.71867 7.51738 420.452  4570.56 1.70974 7.74657 -85.4009  4576.75 1.72649 7.49939 416.893  
428  4571.85 1.71736 7.20763 -89.6348  4579.04 1.73834 7.0104 414.24  4573.41 1.72879 7.25352 -89.897  4581.34 1.73757 6.97778 418.358  
429  4572.62 1.71713 7.59243 -88.1459  4582.35 1.74624 7.40763 414.804  4572.58 1.71646 7.58751 -88.2641  4579.92 1.7329 7.35439 416.909  
430  4572.64 1.73316 7.29854 -88.5898  4582.02 1.74242 7.03811 417.227  4572.37 1.72855 7.28857 -88.5747  4579.87 1.7337 6.97732 419.152  
431  4568.79 1.69944 7.3102 -84.8786  4574.62 1.71438 7.07955 413.354  4566.71 1.69362 7.33282 -83.4051  4579.17 1.72954 7.07997 407.115  
432  4568.13 1.70151 7.6937 -84.1038  4568.81 1.71276 7.52209 419.152  4569.07 1.70633 7.7385 -84.909  4575.72 1.72592 7.47733 416.13  
433  4570.98 1.70625 7.69596 -85.3426  4569.86 1.70653 7.4969 421.67  4565.62 1.69134 7.71406 -78.7929  4574 1.71923 7.47318 412.265  
434  4569.29 1.72034 7.77773 -85.5762  4575.91 1.73336 7.55479 419.15  4568.04 1.70971 7.75378 -85.4797  4575.46 1.73478 7.53537 415.851  
435  4568.84 1.71003 7.84569 -83.5819  4573.08 1.72809 7.64216 418.471  4567.24 1.7033 7.8226 -82.6922  4572.44 1.72513 7.60522 416.044  
436  4576.39 1.75542 7.07984 -97.3819  4584.24 1.76281 6.97181 423.065  4576.33 1.75993 7.09992 -99.1756  4589.87 1.77525 6.92605 420.179  
437  4571.42 1.72622 7.64998 -87.2338  4576 1.72689 7.38365 423.727  4569.42 1.70839 7.57631 -87.3254  4580.1 1.74154 7.34939 412.368  
438  4571.47 1.70314 7.35222 -87.3094  4576.84 1.72204 7.16529 414.23  4574.38 1.71496 7.3669 -90.5293  4582.43 1.73312 7.12824 415.48  
439  4570 1.71054 7.66559 -86.9828  4576.73 1.73462 7.45504 416.392  4571.76 1.7261 7.71934 -87.8287  4579.19 1.73514 7.40786 421.796  
440  4576.5 1.76406 7.18733 -97.2602  4587.02 1.77304 7.04574 421.54  4576.13 1.76212 7.1986 -97.1207  4587.76 1.77151 7.01727 422.372  
441  4571.85 1.7489 6.97155 -93.4417  4590 1.76935 6.78934 412.66  4574.72 1.74566 6.94413 -92.9497  4585.42 1.75149 6.75661 417.62  
442  4571.36 1.71974 7.49348 -89.7318  4580.46 1.74966 7.33463 415.395  4571.21 1.72036 7.51964 -89.2346  4580.07 1.741 7.27472 418.562  
443  4571.11 1.73295 7.57753 -88.8922  4579.49 1.74725 7.31603 421.155  4571.19 1.73386 7.58265 -88.764  4581.08 1.74852 7.27975 421.226  
444  4572 1.74468 7.18906 -91.1656  4583.69 1.76218 7.01662 418.829  4578.99 1.75825 7.12577 -97.3396  4584.88 1.76072 6.98229 424.582  
445  4571.7 1.71541 7.31956 -88.4574  4577.95 1.73503 7.13516 415.089  4572.9 1.7251 7.36648 -89.0859  4581.44 1.73689 7.08447 417.887  
446  4573.04 1.73806 7.57171 -88.0202  4579.38 1.74119 7.33206 424.087  4573.6 1.74227 7.59543 -87.5907  4581.84 1.74991 7.28699 422.775  
447  4569.3 1.7504 7.49737 -89.8117  4576.06 1.75957 7.30966 426.547  4568.16 1.74615 7.53928 -89.1319  4576.61 1.7569 7.28356 425.599  
448  4572.28 1.74819 7.54739 -89.8668  4579.73 1.7531 7.28817 426.42  4569.23 1.7347 7.52147 -89.0669  4578.85 1.75128 7.28357 422.074  
449  4572.41 1.75557 7.53448 -90.6711  4581.85 1.76673 7.32838 424.18  4573.42 1.75489 7.48056 -91.6892  4581.41 1.76511 7.33775 425.235  
450  4573.15 1.75664 6.73358 -98.2098  4588.33 1.76409 6.60186 416.813  4574.21 1.76619 6.68147 -104.746  4592.3 1.77432 6.60413 417.028  
451  4574.75 1.75124 7.05442 -95.5377  4586.12 1.76734 6.93969 419.597  4574.3 1.74879 7.02529 -95.5283  4585.54 1.76545 6.93259 419.679  
452  4573.43 1.74846 7.27565 -92.9906  4582.47 1.75968 7.07695 422.209  4579.54 1.76108 7.19249 -97.6689  4582.6 1.75492 7.05467 427.426  
453  4569.12 1.73401 7.84491 -85.4728  4576.69 1.74315 7.56845 423.652  4568.04 1.72099 7.75514 -84.8351  4574.95 1.73779 7.5452 420.709  
454  4574.13 1.75465 7.32921 -93.8719  4586.7 1.77456 7.18658 419.755  4576.25 1.75493 7.2894 -95.1054  4584.44 1.76703 7.18194 422.685  
455  4566.97 1.76876 6.6067 -104.748  4594.9 1.77945 6.46722 413.709  4567.58 1.76505 6.56705 -106.092  4594.75 1.77873 6.48614 413.292  
456  4571.49 1.74591 7.7255 -86.7266  4579.22 1.75716 7.50742 425.151  4572.48 1.74746 7.68473 -87.41  4579.72 1.75677 7.49172 426.038  
457  4572.97 1.76487 7.43172 -93.8574  4584.67 1.78279 7.2666 424.178  4570.97 1.75324 7.39045 -92.4409  4582.64 1.777 7.27912 422.928  
458  4573.41 1.74941 6.98897 -97.0521  4587.99 1.76981 6.84419 415.927  4574.48 1.7474 6.94611 -97.0025  4588.05 1.76645 6.83023 416.386  
459  4571.1 1.7469 7.4524 -90.633  4581.12 1.76146 7.22999 423.164  4576 1.7566 7.36182 -94.4672  4582.3 1.76189 7.23163 426.354  
460  4570.67 1.73331 7.4368 -88.3584  4582.56 1.75365 7.1683 417.743  4570.12 1.72711 7.40123 -88.292  4578.94 1.74202 7.15395 419.839  
461  4571.9 1.73044 7.45045 -90.2684  4582.25 1.74834 7.15949 418.509  4573.18 1.73479 7.42605 -89.6464  4584.04 1.74934 7.14853 419.492  
462  4568.7 1.70323 7.5062 -87.1468  4576.16 1.73029 7.30918 414.047  4572.03 1.71828 7.50426 -88.9275  4577.83 1.72769 7.27075 420.316  
463  4569.49 1.73746 7.45291 -88.1025  4577.85 1.74232 7.1696 424.199  4570.31 1.73491 7.39973 -89.2921  4579.98 1.74987 7.16705 420.86  
464  4572.12 1.72066 7.16638 -88.5505  4578.96 1.7371 6.96565 415.41  4572.82 1.72379 7.14718 -87.794  4579.64 1.73441 6.94552 417.348  
465  4574.56 1.74591 7.09215 -93.0484  4583.28 1.7506 6.88335 420.577  4571.48 1.73639 7.09486 -91.408  4582.26 1.74878 6.88693 418.214  
466  4571.81 1.74276 7.38584 -91.483  4582.68 1.75655 7.14862 421.835  4577.39 1.75427 7.28675 -95.4727  4583.12 1.75532 7.13011 425.633  
467  4569.66 1.72423 7.50666 -89.1196  4579.95 1.74664 7.2534 418.073  4573.26 1.73851 7.47754 -89.7436  4582.76 1.75021 7.24223 422.03  
468  4571.97 1.7459 7.28028 -91.469  4583.97 1.76599 7.09189 419.668  4582.01 1.76724 7.15705 -100.369  4585.87 1.7682 7.09059 426.391  
469  4570.43 1.7404 7.50194 -87.9853  4578.32 1.7424 7.2058 425.238  4570.4 1.73785 7.47556 -87.9903  4581.11 1.74847 7.1877 422.609  
470  4571.81 1.74272 7.60536 -86.8516  4580.96 1.7554 7.36431 423.045  4569.91 1.73231 7.57372 -88.3393  4584.58 1.77047 7.38606 415.718  
471  4567.36 1.73605 6.96827 -93.5404  4588.81 1.77107 6.77009 409.567  4570.95 1.7397 6.92915 -94.465  4588.25 1.7648 6.75607 412.953  
472  4571.85 1.73968 7.34291 -91.1535  4585.84 1.76519 7.10705 417.746  4577.02 1.7504 7.25062 -94.2899  4585.51 1.7604 7.10215 422.728  
473  4573.81 1.74714 7.13361 -92.4398  4582.91 1.75517 6.94448 421.703  4570.46 1.74108 7.10849 -92.6207  4588.06 1.77228 6.96055 414.121  
474  4570.74 1.731 7.56653 -88.9499  4579.33 1.74754 7.31136 420.439  4570.37 1.72661 7.53194 -88.2859  4576.3 1.73137 7.25829 423.521  
475  4571.94 1.73428 7.09464 -92.0045  4582.44 1.7498 6.85407 416.919  4569.66 1.72838 7.07316 -92.5863  4587.97 1.7673 6.89601 409.866  
476  4565.94 1.73438 7.66223 -87.6983  4577.57 1.76303 7.4 420.33  4572.39 1.75116 7.5485 -91.0044  4580.73 1.76584 7.38841 426.218  
477  4569.3 1.74928 7.6222 -88.3294  4580.19 1.76691 7.40929 423.656  4569 1.74559 7.56991 -88.4429  4576.53 1.75374 7.3783 427.112  
478  4570.13 1.73386 7.38044 -89.3836  4579.74 1.7486 7.12434 419.891  4570.74 1.73531 7.35647 -89.8995  4584.55 1.76327 7.1268 417.412  
479  4571.22 1.76108 6.87789 -99.2963  4590.12 1.77748 6.75271 416.241  4572.29 1.76065 6.83005 -101.222  4589.75 1.77682 6.74339 417.609  
480  4574.89 1.74525 6.97926 -95.1476  4584.97 1.75571 6.82778 416.755  4575.82 1.7446 6.94395 -95.4563  4585.2 1.75405 6.80603 415.547  
481  4577.97 1.77668 6.73892 -103.44  4583.77 1.76122 6.66929 425.56  4568.33 1.77398 6.77144 -105.466  4591.99 1.78134 6.65396 416.864  
482  4574.68 1.75744 7.07233 -100.479  4588.64 1.77685 6.96117 417.791  4572.1 1.74409 7.11397 -94.1189  4581.28 1.75404 6.94816 417.503  
483  4579.71 1.77118 7.12129 -101.204  4583.28 1.76495 7.03198 427.452  4576.61 1.76192 7.10098 -99.9619  4585.46 1.76852 6.99694 420.444  
484  4569.59 1.74304 7.28689 -91.1002  4582.29 1.76072 7.07093 417.303  4575.31 1.75248 7.20576 -94.8452  4583.38 1.758 7.05756 420.138  
485  4573.06 1.75971 6.95491 -100.205  4585.51 1.76963 6.84024 419.404  4577.07 1.76723 6.90264 -104.151  4587.68 1.77194 6.82414 419.279  
486  4570.61 1.74564 7.29265 -91.8574  4579.77 1.75007 7.03548 422.237  4569.79 1.73595 7.25283 -92.1659  4578.89 1.75048 7.03187 416.784  
487  4567.81 1.72957 7.5694 -89.3034  4574.93 1.7441 7.35796 420.007  4568.47 1.73104 7.55954 -89.0072  4575.85 1.74708 7.36319 418.394  
488  4567.35 1.72946 7.63374 -88.1279  4575.86 1.74461 7.39421 419.786  4570.52 1.74114 7.60813 -88.0911  4580.12 1.75703 7.40779 420.624  
489  4573.87 1.75029 7.09409 -95.6407  4583.52 1.76035 6.94039 419.467  4578.68 1.75846 7.03941 -100.37  4586.09 1.76573 6.93677 420.062  
490  4571.37 1.74688 6.8866 -94.2344  4583.32 1.75235 6.69853 415.871  4570.8 1.75452 6.82567 -99.0268  4589.16 1.7722 6.70759 412.361  
491  4578.73 1.76006 7.14128 -99.5025  4581.34 1.75045 6.98531 427.2  4571.58 1.74366 7.20439 -93.5957  4583.79 1.76158 7.02326 416.689  
492  4569.72 1.74328 7.2875 -92.145  4580.82 1.75614 7.05409 419.059  4573.96 1.75029 7.21843 -95.2533  4584.68 1.76377 7.05683 418.082  
493  4570.45 1.74981 7.73293 -86.6415  4581.1 1.76477 7.49333 421.931  4573.52 1.7569 7.70941 -87.5688  4577.74 1.75337 7.4917 427.025  
494  4570.87 1.74287 7.47886 -90.6017  4581.25 1.75653 7.25784 420.936  4568.8 1.73179 7.45503 -89.7675  4583.64 1.76483 7.23091 412.227  
495  4574.3 1.74829 7.05782 -93.9382  4581.12 1.74891 6.86609 421.196  4569.62 1.73736 7.07568 -90.6562  4581.59 1.7535 6.8832 413.137  
496  4568.36 1.71093 7.79414 -85.435  4569.88 1.71847 7.60819 420.306  4569.47 1.72064 7.85462 -84.6074  4574.17 1.72722 7.6089 420.278  
497  4576.5 1.7518 7.18692 -95.796  4583.7 1.75583 7.02966 422.002  4575.87 1.74994 7.1764 -95.8127  4588.1 1.76652 7.02765 416.887  
498  4570.46 1.7225 7.23569 -90.9663  4579.05 1.73805 7.01399 413.553  4572.34 1.73209 7.25755 -90.2303  4579.14 1.73408 7.00217 417.146  
499  4571.4 1.74499 7.21005 -92.6317  4583.07 1.76013 7.05314 419.083  4577.41 1.75336 7.12348 -96.6522  4583.36 1.75518 6.99791 421.358  
500  4569.07 1.70702 7.56432 -88.3559  4574.28 1.72539 7.3844 415.613  4568.7 1.70561 7.56948 -86.8135  4576.89 1.73275 7.38168 411.263  
501  4568.92 1.72147 7.50066 -89.4771  4576.29 1.73738 7.28708 417.379  4570.67 1.73218 7.51992 -88.2579  4577.03 1.73278 7.24318 421.929  
502  4568.77 1.74213 7.5895 -88.3506  4578.7 1.75262 7.32024 422.297  4567.85 1.73305 7.57285 -88.7245  4577.47 1.75073 7.31667 418.016  
503  4570.65 1.73376 7.59587 -88.4687  4578.58 1.74338 7.33862 421.846  4569.5 1.72471 7.54662 -88.86  4577.86 1.73939 7.32431 416.551  
504  4566.58 1.71827 7.97445 -80.8309  4572.73 1.73435 7.75654 415.891  4568.45 1.726 7.9511 -80.5437  4573.33 1.73146 7.72659 418.425  
505  4572.7 1.73664 7.07693 -89.4837  4578.15 1.73381 6.84302 419.639  4572.17 1.73543 7.05459 -89.3765  4581.43 1.74224 6.85356 414.811  
506  4573.76 1.75417 6.91726 -100.064  4585.09 1.76469 6.79834 418.533  4579.57 1.76385 6.84211 -104.713  4586.1 1.76484 6.78331 420.591  
507  4567.1 1.7256 7.70895 -87.3409  4573.35 1.73276 7.4369 421.741  4568.06 1.72993 7.72648 -86.2939  4576.09 1.74761 7.50813 418.787  
508  4572.81 1.74807 7.18696 -94.9115  4583.17 1.76083 7.01526 419.751  4580.39 1.76249 7.09621 -100.258  4584.77 1.76148 6.99936 424.142  
509  4575.63 1.75531 7.20783 -97.4018  4581.37 1.75481 7.03979 425.075  4577.58 1.75713 7.15673 -98.7182  4585.2 1.7635 7.05125 421.325  
510  4572.83 1.75829 7.27205 -97.9498  4587.86 1.78248 7.13728 417.794  4577.04 1.76424 7.24288 -97.6556  4583.42 1.76489 7.12497 424.237  
511  4569.8 1.72514 7.3629 -89.254  4576.76 1.7355 7.13788 417.403  4568.58 1.72093 7.36425 -88.2047  4577.59 1.74061 7.14616 412.846  
512  4572.09 1.68388 7.15734 -75.6839  4568.14 1.6679 6.99652 418.564  4567.89 1.67376 7.1767 -71.0987  4565.91 1.66384 7.05718 417.061  
513  4572.4 1.68766 7.13622 -80.1137  4577.15 1.69226 6.86448 412.291  4573.79 1.68953 7.11829 -80.7652  4576.43 1.69014 6.89835 412.941  
514  4570.19 1.67982 7.2512 -74.4658  4575.77 1.68496 6.97182 410.884  4567.94 1.67352 7.23657 -73.1219  4578.06 1.69132 6.97489 405.247  
515  4567.66 1.66823 7.1078 -70.8457  4576.5 1.68363 6.86456 403.023  4568.39 1.66865 7.09475 -70.7722  4567.34 1.66223 6.96601 413.716  
516  4556.49 1.66007 7.99559 -62.6131  4561.92 1.6679 7.74291 416.441  4560.66 1.66849 7.94453 -65.5785  4569.09 1.68634 7.70089 413.772  
517  4558.86 1.65328 7.53778 -64.2211  4561.31 1.65537 7.34907 414.978  4562.15 1.65974 7.48012 -67.2634  4565.66 1.66254 7.32677 413.209  
518  4573.85 1.69977 7.24853 -83.5107  4576.08 1.69727 6.99919 417.153  4573.63 1.69901 7.23445 -83.0457  4578.72 1.70253 6.99391 413.642  
519  4579.74 1.71304 7.02562 -89.3165  4584.82 1.71496 6.76603 414.246  4579.7 1.70988 6.99083 -89.1069  4583.5 1.70991 6.78709 413.704  
520  4574.81 1.6911 7.10431 -78.9987  4578.32 1.68991 6.83879 410.977  4570.32 1.6811 7.11616 -74.89  4579.62 1.69623 6.86374 405.506  
521  4569.23 1.67887 7.21673 -75.7418  4571.77 1.67949 6.97843 413.27  4569.84 1.68034 7.19238 -75.99  4573.01 1.6827 6.987 411.947  
522  4568.9 1.67956 7.27944 -76.2052  4577.16 1.69318 6.98722 408.406  4568.04 1.67746 7.28353 -75.2147  4575.9 1.69146 7.01754 407.655  
523  4555.81 1.65476 8.0071 -61.6469  4561.37 1.66419 7.749 415.265  4568.24 1.67794 7.89911 -70.933  4568 1.6758 7.71469 419.751  
524  4568.63 1.67975 7.54179 -75.0073  4576.3 1.69391 7.26597 411.756  4566.93 1.67644 7.518 -73.6976  4571.08 1.6824 7.32516 413.781  
525  4568.7 1.67477 7.3296 -73.7646  4567.86 1.66912 7.14232 417.389  4567.17 1.67161 7.32996 -72.3954  4573.78 1.68552 7.11045 408.665  
526  4567.03 1.67961 7.46088 -76.6701  4579.95 1.70869 7.16957 407.682  4570.09 1.68739 7.44776 -79.2676  4572.24 1.68793 7.22873 416.568  
527  4570.33 1.68151 7.49269 -77.6824  4578.11 1.69611 7.21321 411.615  4566.66 1.67394 7.49595 -74.3286  4571.53 1.68204 7.28615 413.758  
528  4576.51 1.70884 7.60729 -86.6503  4577.92 1.70446 7.31961 420.737  4569.16 1.68786 7.59376 -78.6736  4573.26 1.69589 7.36538 416.227  
529  4574.4 1.70337 7.37883 -87.2777  4576.11 1.70509 7.17946 419.446  4573.54 1.70093 7.3667 -85.928  4580.22 1.71916 7.22664 414.022  
530  4577.39 1.69884 6.89083 -82.1987  4582.93 1.70173 6.65275 409.073  4574.65 1.69049 6.89274 -79.6594  4577.72 1.68912 6.67496 409.83  
531  4567.69 1.67665 7.49349 -73.7875  4581.33 1.70637 7.17728 406.894  4566.2 1.6736 7.46369 -72.733  4574.91 1.69039 7.21704 409.728  
532  4563.7 1.67442 7.8572 -69.6334  4567.1 1.67582 7.60995 418.403  4567.87 1.68074 7.80029 -73.3151  4568.5 1.67899 7.6212 419.734  
533  4567.99 1.68011 7.57453 -75.8419  4569.6 1.68107 7.34336 417.834  4568.2 1.68074 7.5592 -76.1678  4568.08 1.6781 7.39177 418.158  
534  4578.09 1.71291 7.23216 -87.2943  4576.38 1.69577 6.99228 421.678  4576.71 1.70331 7.19767 -85.2734  4580.23 1.70831 7.00642 413.798  
535  4556.73 1.65837 7.97236 -62.8295  4566.49 1.6782 7.69735 410.89  4561.66 1.67 7.93876 -66.6239  4562.47 1.66751 7.79067 421.411  
536  4568.91 1.68009 7.53148 -75.0942  4574.72 1.68958 7.26427 413.929  4567.18 1.67617 7.52488 -73.5999  4578.86 1.70138 7.26336 407.594  
537  4574.92 1.70255 6.90278 -82.2905  4573.27 1.68728 6.71341 416.628  4576 1.70386 6.88068 -83.1637  4579.39 1.70475 6.6992 411.601  
538  4573.74 1.69799 7.24849 -82.5766  4581.49 1.71077 6.99574 412.428  4572.48 1.69412 7.25095 -81.4678  4577.15 1.70013 7.02195 413.455  
539  4579.2 1.71403 6.97158 -90.4068  4581.75 1.71086 6.75396 415.453  4579.39 1.71242 6.96326 -89.8591  4584.14 1.71753 6.7819 411.655  
540  4567.18 1.68303 7.46124 -76.9997  4573.71 1.69572 7.18838 413.357  4573.71 1.6957 7.39945 -82.4128  4574.64 1.69653 7.2064 417.695  
541  4568.36 1.68716 7.24375 -78.9944  4575.36 1.6982 6.97425 410.967  4571.43 1.69378 7.19874 -81.2042  4574.67 1.69509 6.99951 414.158  
542  4573.38 1.69559 7.4291 -82.7984  4571.26 1.68561 7.22037 421.127  4568.86 1.68506 7.44194 -77.7769  4573.05 1.69335 7.24565 413.962  
543  4573.32 1.69303 7.33691 -83.2579  4576.03 1.69412 7.10149 416.782  4567.66 1.68031 7.35431 -77.7726  4579.8 1.70336 7.08238 407.464  
544  4559.33 1.6682 7.53881 -68.7247  4559.83 1.66643 7.39773 419.061  4563.75 1.67608 7.52193 -73.2261  4565.28 1.67513 7.3202 417.072  
545  4561.89 1.66743 7.49557 -68.6695  4568 1.68031 7.30426 411.635  4560.77 1.66511 7.49968 -68.9938  4561.32 1.66207 7.37152 416.05  
546  4559.4 1.66436 7.92748 -64.2878  4563.79 1.67237 7.72985 417.913  4560.09 1.66475 7.91761 -65.9202  4563.49 1.66656 7.72233 417.438  
547  4562.83 1.6676 7.37865 -70.2518  4563.83 1.66897 7.25327 416.737  4564.69 1.6727 7.39099 -73.1177  4567.11 1.67468 7.21671 414.613  
548  4570.16 1.68273 7.2135 -76.3504  4571.24 1.68151 7.03191 414.552  4573.1 1.6893 7.20037 -79.804  4572.36 1.68066 6.99776 416.153  
549  4562.07 1.66548 7.19815 -69.9097  4566.82 1.67794 7.01041 409.056  4563.12 1.66792 7.19603 -71.1035  4571.41 1.68529 6.95283 404.883  
550  4565.68 1.67518 7.3633 -74.7827  4570.9 1.68382 7.14726 413.339  4566.55 1.67611 7.37704 -75.5099  4567.31 1.67034 7.18853 417.866  
551  4568.33 1.68318 7.24428 -76.1752  4574.67 1.69517 6.99727 411.891  4572.54 1.69285 7.21303 -80.7052  4569.01 1.67766 7.04135 419.501  
552  4564.92 1.67821 7.60536 -73.4706  4568.26 1.6833 7.39203 417.568  4564.64 1.67739 7.60499 -73.9107  4567.46 1.67752 7.38837 416.73  
553  4562.75 1.67451 7.73928 -70.1909  4560.18 1.66804 7.61117 423.902  4564.5 1.67883 7.73414 -73.0849  4566.94 1.67962 7.5385 417.722  
554  4565.63 1.67314 7.99087 -66.4358  4558.3 1.6514 7.90184 430.566  4554.16 1.64655 8.09499 -59.0941  4564.29 1.66996 7.82174 409.471  
555  4565.59 1.66929 7.40276 -71.3395  4566.58 1.66899 7.26749 417.281  4564.63 1.66574 7.40067 -71.1203  4565.37 1.66472 7.27207 415.373  
556  4564.7 1.68127 7.8555 -71.9595  4568.07 1.68982 7.64114 418.285  4569.67 1.69011 7.82287 -78.065  4570.71 1.69093 7.6111 419.653  
557  4566.08 1.68349 7.68059 -75.016  4563.21 1.67291 7.53529 423.82  4562.47 1.67691 7.73357 -71.4968  4563.33 1.67275 7.5105 420.051  
558  4573.57 1.69922 7.01852 -82.2621  4579.49 1.70691 6.81502 411.952  4575.39 1.70451 7.01483 -84.1621  4580.39 1.70425 6.79012 412.846  
559  4565.17 1.67504 7.43075 -73.2823  4572.64 1.69285 7.20852 411.491  4567.53 1.67985 7.43728 -75.9603  4579.75 1.70474 7.15231 407.301  
560  4568.48 1.6863 7.20892 -78.5547  4577.66 1.70436 6.96031 410.091  4570.15 1.68945 7.20682 -80.7114  4577.25 1.69894 6.94223 411.225  
561  4559.93 1.6674 7.82793 -66.7389  4566.54 1.6792 7.61592 416.01  4559.47 1.66556 7.83083 -67.0177  4563.63 1.67023 7.64383 416.242  
562  4565.51 1.68198 7.54679 -75.3261  4563.33 1.67441 7.40405 423.106  4563.64 1.67829 7.57027 -74.2151  4566.13 1.67876 7.36168 416.94  
563  4561.63 1.67013 7.50487 -70.4306  4567.27 1.68031 7.32021 413.918  4567.06 1.68027 7.50618 -75.5786  4566.98 1.67657 7.31133 419.035  
564  4562.22 1.67224 7.86853 -67.668  4564.03 1.67072 7.69256 420.428  4559.58 1.66615 7.88448 -66.286  4565.34 1.67488 7.64297 415.598  
565  4568.38 1.6864 7.73513 -76.8202  4573.93 1.70211 7.56722 416.013  4571.73 1.69493 7.74333 -81.2861  4570.1 1.68755 7.55449 422.385  
566  4568.7 1.68635 7.4281 -78.6984  4573.17 1.69505 7.2056 415.503  4574.45 1.70073 7.39482 -84.7688  4574.27 1.69273 7.18665 419.975  
567  4570.16 1.69067 7.68906 -78.2234  4571.19 1.69361 7.51263 419.969  4558.7 1.66951 7.768 -68.1828  4565.1 1.68076 7.53644 414.659  
568  4565.92 1.67374 7.19523 -74.4195  4568.61 1.67882 7.01285 413.068  4569.29 1.68177 7.19008 -76.9608  4571.7 1.68037 6.97888 413.227  
569  4564.09 1.66689 7.32731 -69.5527  4566.98 1.67222 7.16069 412.975  4570.01 1.67946 7.3246 -74.5235  4572.93 1.68191 7.10013 412.29  
570  4563.22 1.67226 7.68044 -69.3441  4564.82 1.67321 7.50682 420.062  4560.18 1.6665 7.69553 -68.2558  4565.99 1.67504 7.47578 414.518  
571  4563.23 1.67588 7.78326 -70.9133  4571.86 1.69479 7.53671 413.569  4559.97 1.66849 7.78734 -68.4083  4571.5 1.69285 7.52449 409.475  
572  4567.77 1.68801 7.61611 -78.6395  4570.95 1.69758 7.41924 418.024  4566.59 1.68492 7.62196 -78.2542  4571.97 1.69621 7.38538 415.185  
573  4574.29 1.70194 7.5406 -85.412  4574.15 1.70144 7.35933 421.137  4568.55 1.69054 7.60282 -79.8403  4573.62 1.69873 7.33237 415.854  
574  4569.38 1.68792 7.34025 -79.4361  4571.29 1.68999 7.17437 416.12  4565.28 1.67965 7.38779 -76.12  4569.38 1.68555 7.16727 413.25  
575  4567.82 1.68125 7.05813 -76.5494  4577.16 1.69827 6.8121 407.203  4575.1 1.69924 7.02895 -82.826  4582.37 1.70447 6.7748 409.96  
576  4564.53 1.67562 7.39871 -73.9713  4568.13 1.68089 7.17586 414.349  4570.53 1.68767 7.35767 -78.6544  4571.56 1.68524 7.16476 418.58  
577  4573.92 1.69813 7.38729 -84.8382  4579.89 1.706 7.11517 414.601  4564.94 1.67859 7.43135 -75.5427  4572.22 1.6938 7.20495 413.633  
578  4574.51 1.70148 7.45308 -85.5603  4572.46 1.69202 7.2376 422.171  4566.85 1.68652 7.50336 -77.4697  4568.83 1.68566 7.28141 420.177  
579  4572.37 1.69601 7.52948 -82.7507  4569.46 1.68709 7.33412 422.773  4569.51 1.68882 7.51327 -79.3293  4570.52 1.69042 7.34077 419.895  
580  4563.66 1.6734 7.49148 -73.0791  4565.29 1.67312 7.30554 417.917  4566.68 1.67944 7.4771 -75.0671  4569.25 1.68144 7.26859 417.646  
581  4560.17 1.67427 7.85171 -69.0019  4566.16 1.68768 7.59689 415.186  4563.16 1.67854 7.8098 -71.0881  4567.13 1.68659 7.60424 418.448  
582  4573.95 1.69674 7.30751 -83.6327  4573.79 1.69273 7.08187 418.309  4569.43 1.68653 7.33089 -78.6348  4574.48 1.69451 7.0922 414.43  
583  4569.67 1.68552 7.25828 -77.011  4571.13 1.68232 7.02636 415.016  4565.57 1.67404 7.25904 -73.9606  4569.94 1.68207 7.05494 411.499  
584  4556.12 1.6535 8.15949 -59.1427  4558.52 1.6561 7.96729 419.198  4552.43 1.64469 8.20426 -56.8977  4555.92 1.65057 8.00165 418.387  
585  4560.29 1.66454 7.58276 -66.8582  4563.47 1.6701 7.40291 415.293  4558.71 1.66258 7.6082 -64.8832  4562.29 1.66601 7.43947 416.218  
586  4575.99 1.70145 7.00056 -83.1335  4572.75 1.68582 6.80858 417.783  4573.39 1.69483 6.99967 -81.265  4583.98 1.71917 6.81488 406.167  
587  4576.09 1.70864 7.18057 -87.3185  4577.43 1.70517 6.94076 417.927  4576.6 1.70878 7.14484 -87.0082  4580.05 1.71382 6.98071 415.84  
588  4566.02 1.67093 7.62195 -70.4483  4565.76 1.66522 7.45594 420.199  4564.48 1.66751 7.60846 -68.5651  4565.47 1.66434 7.46438 420.126  
589  4577.67 1.7132 6.75008 -87.2238  4582.68 1.71157 6.51215 410.814  4579.39 1.71941 6.72607 -88.3658  4583.58 1.71997 6.57416 413.713  
590  4574.26 1.69212 6.96689 -78.9078  4577.89 1.6926 6.71509 410.661  4573.14 1.6896 6.95341 -77.1369  4582.35 1.69994 6.69267 406.108  
591  4559.01 1.66216 7.61841 -66.4604  4573.23 1.69254 7.29267 406.075  4565.98 1.67645 7.56678 -72.0591  4563.52 1.66484 7.42892 423.597  
592  4562.28 1.66983 7.81396 -67.3571  4562.52 1.66414 7.64784 421.105  4560.08 1.66599 7.83144 -65.0399  4565.74 1.67292 7.59722 417.64  
593  4568.8 1.68265 7.66954 -75.9733  4565.22 1.67244 7.53642 423.668  4565.2 1.67767 7.70796 -71.5293  4570.61 1.68619 7.50106 416.315  
594  4570.97 1.68832 7.49342 -80.0583  4571.99 1.68943 7.27821 418.142  4574.46 1.69594 7.42966 -82.8605  4575.33 1.69499 7.25842 419.554  
595  4573.27 1.69924 7.13682 -83.8131  4573.9 1.69044 6.8768 418.046  4575.9 1.70383 7.06588 -85.8906  4575.5 1.69563 6.90072 419.486  
596  4563.6 1.67508 8.03888 -66.6049  4560.61 1.66526 7.9486 423.787  4556.38 1.66258 8.17176 -59.4131  4559.31 1.6632 7.97933 420.865  
597  4570.86 1.68499 7.0013 -79.4322  4581.62 1.70419 6.72308 404.123  4574 1.69388 6.96949 -81.3026  4579.19 1.69681 6.76413 412.307  
598  4570.33 1.68622 7.09302 -81.0603  4572.12 1.68549 6.86772 413.538  4573.52 1.69443 7.07305 -83.4961  4575.56 1.69213 6.87614 416.131  
599  4564.2 1.67161 7.66843 -69.9226  4569.72 1.68107 7.46872 414.217  4564.17 1.67283 7.67187 -69.5407  4568.12 1.67687 7.48106 417.799  
600  4568.6 1.67782 7.40968 -74.1312  4571.93 1.68271 7.14679 412.72  4563.76 1.67014 7.42305 -69.2113  4572.02 1.6834 7.17738 410.082  
601  4563.22 1.67751 7.77185 -71.9661  4565.45 1.6805 7.56523 419.291  4565.2 1.68137 7.74722 -73.6329  4566.87 1.68389 7.58046 420.537  
602  4569.71 1.69413 7.51982 -81.0853  4574.73 1.70368 7.24414 415.895  4570.82 1.69691 7.47998 -81.689  4570.26 1.69178 7.30823 421.969  
603  4563.58 1.67417 7.87046 -70.0851  4568.87 1.68503 7.6199 416.087  4567.44 1.68197 7.82743 -72.5393  4567.64 1.67878 7.63272 422.021  
604  4552.34 1.65248 8.14275 -58.4736  4559.85 1.66981 7.89026 413.302  4558.43 1.66606 8.09477 -62.1787  4561.44 1.66957 7.88669 420.217  
605  4571.21 1.68661 7.32941 -78.6481  4572.68 1.68591 7.07944 415.814  4568.03 1.68061 7.33559 -75.9209  4572.72 1.68648 7.10451 413.582  
606  4569.29 1.68765 7.73666 -77.7023  4572.65 1.69525 7.50898 417.171  4567.13 1.68432 7.75552 -74.4568  4569.17 1.68656 7.5703 420.11  
607  4565.7 1.67247 7.45096 -72.851  4569.93 1.67976 7.20118 413.944  4569.45 1.68158 7.4311 -75.9649  4570.59 1.67874 7.22543 417.972  
608  4567.28 1.67859 7.5414 -76.3403  4568.73 1.678 7.33943 418.928  4563.02 1.67018 7.54145 -71.2195  4566.69 1.67487 7.39011 416.637  
609  4569.11 1.68452 7.64006 -77.5493  4573.1 1.69341 7.4568 416.814  4568.35 1.68193 7.63564 -75.9938  4570.13 1.68503 7.48379 418.059  
610  4569.87 1.67752 7.21811 -75.4374  4570.17 1.67397 7.06183 415.557  4571.83 1.67987 7.19859 -75.9092  4572.55 1.67832 7.03052 414.49  
611  4569.99 1.68786 7.46798 -81.0507  4571.96 1.68735 7.25127 419.037  4569.13 1.68615 7.47212 -79.5445  4570.74 1.6836 7.26812 419.483  
612  4563.01 1.67467 7.39364 -74.7647  4572.78 1.69625 7.16212 409.66  4575.65 1.70221 7.3032 -85.7456  4568.3 1.6787 7.19503 426.139  
613  4557.58 1.66211 7.86717 -66.3551  4563.09 1.67548 7.70763 415.352  4569.68 1.68793 7.80731 -76.3019  4569.16 1.68509 7.64819 422.28  
614  4557.01 1.66218 7.97136 -64.4509  4564.25 1.67678 7.7583 414.291  4565.34 1.67913 7.9044 -70.9375  4564.48 1.67135 7.74985 423.129  
615  4570.2 1.68089 7.26372 -78.6722  4575.66 1.68955 7.03247 412.437  4564.81 1.67017 7.28003 -73.1356  4571.8 1.68292 7.07503 410.68  
616  4562.64 1.66687 7.63176 -70.2203  4560.16 1.65639 7.57507 423.824  4568.1 1.67656 7.61109 -73.7661  4561.92 1.65745 7.53941 426.127  
617  4562.4 1.67084 7.47878 -71.7048  4568.45 1.68459 7.31495 412.79  4568.28 1.682 7.46561 -76.1413  4569.64 1.68507 7.29925 417.238  
618  4575.88 1.70251 6.81278 -86.7319  4577.3 1.69678 6.6479 414.585  4576.62 1.7042 6.81222 -86.8718  4580.27 1.70311 6.63346 413.34  
619  4573.46 1.69646 7.2582 -84.6287  4572.52 1.68747 7.08261 419.783  4573 1.69388 7.25384 -83.4443  4575.49 1.69522 7.05916 417.527  
620  4568.72 1.68809 7.73414 -78.7705  4567.71 1.68346 7.5623 423.365  4569.55 1.68887 7.69656 -78.9976  4569.52 1.68771 7.53737 421.722  
621  4572.72 1.69709 6.61452 -78.1747  4578.1 1.69671 6.40253 406.276  4576.38 1.70451 6.56053 -81.4704  4582.03 1.70741 6.3991 405.596  
622  4568.66 1.67278 7.17771 -72.6964  4576.66 1.68515 6.95596 406.408  4567.04 1.66938 7.19074 -70.4079  4572.11 1.67467 6.98586 410.159  
623  4571.03 1.68248 7.14854 -77.6046  4569.86 1.67429 6.99083 417.072  4570.66 1.6808 7.14201 -76.5921  4570.31 1.67467 6.99547 415.836  
624  4568.15 1.68859 7.69557 -79.4074  4570.25 1.69228 7.51392 420.286  4574.23 1.70083 7.6411 -85.3104  4564.24 1.67591 7.56387 430.738  
625  4569.46 1.68802 6.90541 -75.9252  4578.91 1.69881 6.6331 405.443  4573.52 1.6958 6.86922 -78.2547  4576.8 1.69324 6.64924 411.441  
626  4575.17 1.69884 7.33347 -84.1481  4577.45 1.6983 7.11236 416.763  4571.36 1.68909 7.34076 -80.0742  4577.91 1.70129 7.12511 412.456  
627  4560.52 1.67168 8.04894 -66.2545  4558.3 1.66308 7.95899 425.467  4555.44 1.66125 8.09982 -61.0851  4563.44 1.6798 7.87484 413.591  
628  4572.98 1.70163 7.7289 -84.6117  4568.91 1.68988 7.57773 426.43  4574.15 1.70233 7.69927 -85.2151  4573.36 1.70027 7.53211 422.891  
629  4553.11 1.64265 8.35824 -56.1174  4556.99 1.65186 8.20327 416.948  4554.57 1.64741 8.36889 -56.1409  4558.33 1.65686 8.20732 418.102  
630  4578.27 1.71538 7.2003 -88.7457  4580.72 1.71138 6.97743 418.475  4573.01 1.69672 7.19274 -83.3277  4581.06 1.71101 6.98802 411.287  
631  4562.14 1.66948 7.72046 -69.8834  4564.59 1.67116 7.60816 419.59  4559.8 1.66586 7.75637 -66.6756  4567.65 1.67996 7.56076 414.093  
632  4576.03 1.71384 7.032 -88.8893  4582.97 1.72487 6.84612 412.956  4576.14 1.71146 7.03087 -87.9608  4581.1 1.71803 6.85278 414.274  
633  4566.17 1.68555 7.48528 -78.7215  4570.1 1.69342 7.27249 416.826  4566.71 1.68673 7.47031 -78.6222  4571.51 1.69642 7.26476 416.05  
634  4575.97 1.7151 7.25131 -92.6052  4578.67 1.70846 7.01226 422.834  4576.51 1.71305 7.23314 -92.4062  4575.72 1.70149 7.01989 425.172  
635  4571.46 1.6909 6.60811 -79.7613  4580.96 1.70372 6.39682 403.36  4579.31 1.70582 6.52844 -85.9278  4582.77 1.7039 6.38434 409.233  
636  4568.39 1.68713 7.42557 -80.1973  4571.34 1.6913 7.21024 417.675  4570.97 1.69081 7.38914 -82.1439  4573.78 1.69401 7.18538 416.644  
637  0 2.19 60 0  0 2.19 60 0  0 2.19 60 0  0 2.19 60 0  
638  0 2.19 60 0  0 2.19 60 0  0 2.19 60 0  0 2.19 60 0  
639  0 2.19 60 0  0 2.19 60 0  0 2.19 60 0  0 2.19 60 0  
