0  53 32 44 0
1  0 32 0 0
2  36 5 19 39
3  62 23 63 0
4  11 32 36 0
5  63 32 44 32
6  36 39 36 57
7  63 57 36 57
8  62 23 53 32
9  44 57 36 57
10  36 0 36 57
11  63 39 44 57
12  44 57 36 63
13  63 57 44 5
14  63 48 36 0
15  36 48 44 0
16  53 14 53 23
17  36 5 36 39
18  62 0 19 0
19  36 0 44 39
20  36 32 36 48
21  53 57 44 57
22  63 57 63 57
23  19 0 19 23
24  36 0 62 39
25  63 63 63 57
26  36 57 44 63
27  36 32 44 0
28  44 32 36 57
29  53 32 63 39
30  44 57 63 57
31  63 5 44 57
32  11 23 44 23
33  36 48 19 0
34  19 23 11 32
35  36 0 19 32
36  36 57 62 32
37  44 39 28 32
38  44 32 19 14
39  36 14 19 23
40  11 23 11 23
41  19 23 28 32
42  11 32 44 32
43  36 0 36 0
44  36 32 36 0
45  44 0 36 32
46  36 32 28 23
47  62 0 53 23
48  19 57 36 32
49  62 23 53 0
50  36 32 63 0
51  19 23 19 23
52  44 39 44 5
53  44 32 36 57
54  44 23 44 0
55  11 23 36 0
56  11 0 2 14
57  44 39 19 48
58  62 5 36 0
59  63 0 36 14
60  44 0 62 23
61  36 32 62 0
62  63 57 19 57
63  63 32 36 0
64  36 39 63 48
65  19 23 11 0
66  53 57 44 57
67  19 48 44 0
68  19 23 11 0
69  63 39 19 0
70  11 32 19 14
71  44 0 44 23
72  36 0 19 32
73  19 0 44 39
74  36 57 63 57
75  63 23 53 39
76  19 32 19 39
77  28 32 19 39
78  19 5 44 0
79  44 32 2 32
80  36 0 36 5
81  36 57 36 32
82  44 23 53 23
83  36 57 36 32
84  44 32 44 32
85  36 32 11 5
86  44 23 44 32
87  36 0 62 32
88  19 48 19 0
89  19 23 19 39
90  36 32 36 0
91  36 23 36 0
92  2 0 36 0
93  63 57 36 23
94  19 23 44 5
95  44 23 63 23
96  19 32 44 32
97  36 23 36 32
98  19 23 19 32
99  19 0 44 0
100  36 0 36 48
101  53 5 19 39
102  19 5 44 0
103  53 0 19 39
104  36 0 11 0
105  44 0 36 57
106  53 0 44 0
107  36 0 44 0
108  63 57 28 0
109  36 0 11 0
110  19 32 19 0
111  36 32 19 5
112  36 32 44 0
113  36 14 36 57
114  36 23 62 32
115  11 32 11 5
116  36 23 63 32
117  62 0 36 39
118  11 23 11 0
119  19 23 44 32
120  36 0 28 39
121  62 0 36 57
122  44 0 44 0
123  19 23 19 57
124  36 48 36 23
125  36 32 19 39
126  44 0 19 14
127  19 5 44 5
128  53 32 11 39
129  36 5 44 57
130  63 39 36 57
131  36 39 63 0
132  53 5 19 0
133  44 0 62 32
134  2 23 44 0
135  36 48 36 23
136  11 32 44 0
137  36 57 19 5
138  19 32 63 32
139  28 0 28 0
140  36 0 44 57
141  53 23 63 0
142  11 32 11 48
143  11 0 19 0
144  19 32 19 48
145  44 57 36 39
146  44 57 63 57
147  53 32 19 57
148  44 5 63 57
149  36 5 11 0
150  36 32 63 39
151  63 32 36 32
152  19 32 63 0
153  28 32 2 0
154  62 32 36 39
155  19 0 63 32
156  36 39 19 39
157  63 57 19 32
158  44 32 44 0
159  19 57 19 0
160  36 63 63 48
161  63 5 62 5
162  36 23 36 5
163  36 23 44 63
164  36 57 62 63
165  36 14 36 57
166  36 5 62 14
167  63 63 44 63
168  36 63 63 23
169  44 63 36 32
170  44 14 36 63
171  44 63 63 63
172  63 32 53 5
173  63 23 44 23
174  44 48 36 63
175  53 57 62 5
176  36 57 36 63
177  44 63 36 5
178  36 63 53 63
179  62 63 36 5
180  36 57 44 23
181  63 63 44 63
182  44 63 63 63
183  44 63 44 23
184  53 63 36 63
185  36 63 36 39
186  63 5 44 5
187  44 63 44 57
188  53 32 36 63
189  36 63 63 14
190  44 63 44 63
191  36 63 63 5
192  36 5 36 63
193  62 63 63 39
194  63 63 63 57
195  44 23 62 23
196  62 14 36 63
197  36 63 63 23
198  63 39 44 23
199  44 63 44 63
200  36 57 44 63
201  44 57 36 63
202  44 63 63 23
203  63 63 44 63
204  44 14 63 5
205  36 5 19 5
206  36 57 36 63
207  36 5 36 39
208  44 63 63 57
209  44 32 63 63
210  63 63 44 63
211  36 32 44 63
212  36 14 36 63
213  44 5 44 57
214  36 5 44 5
215  63 63 44 63
216  28 32 63 5
217  44 63 36 63
218  28 57 19 5
219  36 5 53 14
220  62 63 36 63
221  63 63 53 63
222  28 57 63 63
223  36 63 63 23
224  36 5 53 63
225  62 63 44 5
226  44 63 36 63
227  44 63 36 63
228  63 39 63 63
229  53 63 62 32
230  63 63 44 63
231  36 39 36 5
232  63 23 63 23
233  44 32 44 63
234  44 63 62 63
235  63 63 44 57
236  44 48 44 57
237  63 63 63 63
238  36 23 63 23
239  44 63 44 63
240  53 57 53 57
241  36 39 63 63
242  63 5 36 57
243  28 57 63 57
244  0 57 0 57
245  19 23 36 23
246  36 63 44 63
247  53 63 44 63
248  36 39 36 14
249  0 0 0 0
250  63 63 63 63
251  63 57 63 5
252  36 57 19 63
253  44 63 36 63
254  44 57 63 63
255  63 5 62 5
256  53 57 44 63
257  63 63 44 63
258  44 63 44 23
259  63 57 63 5
260  44 63 44 48
261  53 5 62 48
262  36 32 36 63
263  62 57 44 57
264  36 5 28 0
265  0 5 0 0
266  0 0 0 0
267  0 0 0 0
268  0 0 0 0
269  0 0 0 0
270  0 0 0 0
271  36 5 36 39
272  0 5 0 39
273  36 5 36 32
274  44 63 36 57
275  36 14 44 5
276  53 39 44 32
277  63 5 44 5
278  44 63 63 57
279  63 23 36 23
280  44 63 36 63
281  53 14 36 14
282  36 63 44 23
283  2 0 11 0
284  44 57 36 23
285  63 23 44 63
286  36 63 36 63
287  36 57 28 57
288  36 5 63 5
289  44 23 19 48
290  2 0 0 32
291  19 0 11 0
292  11 0 44 57
293  19 5 36 32
294  44 39 44 0
295  36 57 36 57
296  19 57 36 57
297  36 5 44 57
298  36 5 63 5
299  63 63 19 5
300  44 14 44 57
301  11 39 44 48
302  19 57 36 57
303  63 0 36 14
304  2 23 44 0
305  2 0 19 32
306  53 48 11 0
307  36 0 63 5
308  28 32 11 14
309  44 57 36 57
310  62 57 36 57
311  53 48 44 39
312  11 0 36 57
313  36 57 36 63
314  62 5 44 5
315  0 5 0 5
316  19 0 2 0
317  63 23 63 14
318  36 14 36 5
319  36 63 53 14
320  63 63 44 63
321  62 57 53 63
322  0 57 0 63
323  36 23 44 14
324  63 5 63 5
325  63 23 44 63
326  44 23 44 14
327  62 23 63 63
328  62 39 36 48
329  36 57 63 57
330  62 57 36 5
331  63 63 53 48
332  19 57 63 57
333  44 39 63 14
334  63 57 36 48
335  44 57 44 5
336  19 57 19 57
337  63 5 44 57
338  53 23 44 63
339  19 57 62 0
340  62 63 36 63
341  63 39 53 57
342  19 57 19 39
343  62 0 11 5
344  36 0 36 57
345  63 23 63 23
346  44 63 36 63
347  63 5 63 5
348  36 57 44 57
349  62 63 63 63
350  36 23 63 63
351  62 57 63 5
352  36 32 44 63
353  36 63 63 63
354  63 63 36 23
355  36 23 36 14
356  53 63 63 63
357  63 32 53 63
358  63 5 63 63
359  36 63 36 57
360  53 57 36 57
361  36 63 63 63
362  44 23 63 57
363  36 5 36 39
364  63 63 63 14
365  36 63 36 57
366  63 14 44 14
367  63 48 63 39
368  44 23 44 23
369  63 5 63 5
370  63 39 63 48
371  63 5 63 23
372  63 5 63 14
373  63 23 63 23
374  63 23 63 14
375  63 23 44 63
376  44 63 63 32
377  36 23 36 63
378  36 57 63 57
379  44 5 19 14
380  19 57 19 57
381  36 5 36 14
382  36 57 53 5
383  44 63 19 57
384  36 14 36 23
385  36 63 36 63
386  44 63 44 32
387  36 63 63 57
388  63 57 36 57
389  36 14 36 23
390  11 57 63 57
391  36 48 44 63
392  44 48 36 57
393  36 14 62 5
394  44 5 36 5
395  11 5 19 5
396  36 14 36 5
397  19 57 19 23
398  28 39 62 57
399  36 63 44 32
400  36 14 36 57
401  63 63 63 0
402  53 63 63 63
403  19 57 44 57
404  63 57 44 57
405  36 63 36 63
406  62 63 44 63
407  19 39 36 32
408  63 5 36 57
409  36 63 36 63
410  36 14 44 57
411  19 0 11 32
412  44 0 62 0
413  19 57 28 57
414  36 57 44 32
415  36 23 44 23
416  36 57 62 23
417  36 63 36 63
418  44 0 44 5
419  44 63 44 63
420  63 63 63 5
421  63 63 44 63
422  62 63 63 39
423  63 63 62 57
424  36 63 36 63
425  62 57 44 57
426  19 57 19 57
427  44 57 63 63
428  44 23 36 63
429  44 63 36 63
430  36 5 63 5
431  63 57 63 57
432  19 57 19 57
433  53 5 63 63
434  19 63 44 23
435  62 63 36 57
436  19 5 19 0
437  19 57 19 57
438  44 32 63 57
439  63 23 36 14
440  36 63 36 14
441  36 14 28 63
442  44 23 36 63
443  63 63 44 63
444  11 23 44 57
445  63 5 28 14
446  36 63 36 63
447  19 63 36 63
448  36 63 63 23
449  53 5 36 5
450  36 63 36 14
451  44 57 36 57
452  19 5 44 5
453  19 5 44 63
454  63 63 36 32
455  44 5 36 5
456  19 5 62 48
457  44 5 62 5
458  36 63 36 5
459  44 57 36 57
460  63 32 53 63
461  44 63 44 32
462  53 57 63 63
463  63 14 44 23
464  36 63 36 57
465  36 23 44 32
466  36 63 44 23
467  63 5 63 63
468  44 63 36 14
469  53 32 44 63
470  63 63 36 48
471  19 57 63 5
472  62 5 11 5
473  19 57 36 57
474  63 23 44 48
475  28 0 53 0
476  19 57 44 57
477  63 57 36 5
478  36 57 63 57
479  19 32 36 63
480  63 63 63 23
481  2 0 44 0
482  63 5 36 63
483  19 57 36 57
484  62 39 62 0
485  36 5 36 5
486  36 57 44 5
487  44 14 63 63
488  62 23 53 5
489  44 39 11 0
490  62 23 44 23
491  53 23 19 48
492  36 5 63 5
493  44 5 19 5
494  19 57 62 5
495  44 5 36 57
496  63 63 63 63
497  44 57 63 14
498  63 39 62 5
499  36 5 19 57
500  63 5 63 63
501  36 5 36 63
502  36 14 44 14
503  63 63 44 63
504  62 48 53 0
505  62 63 44 63
506  44 63 36 32
507  62 0 63 5
508  36 5 19 63
509  36 57 36 63
510  63 5 19 63
511  44 23 36 63
512  36 57 63 14
513  63 63 53 63
514  63 57 63 63
515  53 48 53 57
516  53 63 44 63
517  44 48 63 5
518  63 63 36 57
519  19 57 63 23
520  44 32 63 23
521  63 63 44 23
522  36 5 36 57
523  53 48 36 57
524  44 32 63 63
525  36 63 19 57
526  44 23 44 63
527  62 63 63 57
528  36 48 36 63
529  63 63 53 32
530  36 63 63 63
531  53 57 62 57
532  19 39 19 57
533  63 63 44 57
534  36 63 63 23
535  44 63 63 63
536  36 57 63 5
537  63 63 53 32
538  63 63 36 5
539  36 63 36 63
540  53 63 63 57
541  44 63 63 63
542  63 57 62 5
543  63 48 44 5
544  44 63 36 14
545  36 14 44 63
546  19 5 62 14
547  63 63 63 63
548  53 5 28 39
549  44 63 53 63
550  63 63 44 63
551  62 63 53 63
552  36 57 44 5
553  63 63 44 63
554  44 63 44 23
555  63 57 53 57
556  19 57 63 63
557  44 5 44 23
558  44 63 44 63
559  63 23 36 57
560  63 57 44 63
561  44 23 44 63
562  63 14 44 63
563  44 32 44 57
564  44 63 63 63
565  63 63 44 57
566  44 39 62 5
567  63 5 36 63
568  36 57 44 63
569  44 63 63 14
570  36 57 44 63
571  63 23 44 63
572  44 63 53 63
573  62 48 62 57
574  63 5 62 0
575  36 57 62 57
576  44 0 19 57
577  36 14 44 23
578  62 57 63 57
579  36 23 44 0
580  19 57 19 63
581  19 0 53 32
582  19 32 36 5
583  63 14 63 63
584  44 57 63 32
585  63 48 63 57
586  19 5 36 57
587  11 48 11 0
588  44 63 63 14
589  36 14 19 14
590  36 0 36 39
591  36 48 36 57
592  62 63 36 57
593  36 23 44 63
594  62 63 44 63
595  19 57 53 57
596  36 5 36 5
597  63 63 53 63
598  63 63 63 63
599  63 63 62 39
600  63 39 63 39
601  53 63 62 63
602  63 39 53 39
603  36 14 63 63
604  63 57 44 23
605  63 63 63 63
606  36 14 44 5
607  62 14 53 57
608  53 5 44 5
609  19 57 19 57
610  36 57 36 57
611  62 57 53 63
612  36 57 19 5
613  36 23 36 57
614  63 0 63 0
615  63 57 63 63
616  63 63 63 63
617  53 57 44 23
618  19 48 62 57
619  53 5 36 57
620  36 14 28 14
621  36 57 63 5
622  19 48 36 48
623  36 57 63 57
624  63 57 19 5
625  53 57 62 5
626  19 5 19 57
627  36 63 36 23
628  19 57 44 57
629  36 23 36 63
630  11 57 53 57
631  19 48 36 48
632  36 63 62 63
633  62 5 19 57
634  19 5 44 57
635  63 57 36 23
636  36 39 53 57
637  36 5 36 5
638  63 0 63 5
639  0 0 0 0
