0  2807.5 1.3 60 0  2990 1.27 60 0  2954 1.29 60 0  2986 1.23 60 0  
1  51 0.81 60 0  2990 1.27 60 0  37.5 0.81 60 0  2986 1.23 60 0  
2  2189.5 1.28 60 0  2957 1.24 60 0  2165.5 1.26 60 0  2951 1.28 60 0  
3  2330 1.31 60 0  2990 1.26 60 0  2345.5 1.32 60 0  2993 1.23 60 0  
4  2089 1.25 60 0  2990 1.27 60 0  2198.5 1.28 60 0  2993 1.23 60 0  
5  2395.5 1.34 60 0  2998 1.27 60 0  2262.5 1.29 60 0  2970 1.27 60 0  
6  2217.5 1.28 60 0  2998 1.28 60 0  2212 1.28 60 0  2970 1.3 60 0  
7  2342.5 1.32 60 0  2984.5 1.3 60 0  2210.5 1.28 60 0  2959 1.3 60 0  
8  2323.5 1.31 60 0  2990 1.26 60 0  2308 1.3 60 0  2987.5 1.27 60 0  
9  2282.5 1.29 60 0  2990 1.3 60 0  2222 1.28 60 0  2987.5 1.3 60 0  
10  2191.5 1.28 60 0  2978 1.23 60 0  2201.5 1.28 60 0  2967.5 1.3 60 0  
11  2396 1.34 60 0  2999.5 1.28 60 0  2283 1.29 60 0  2978.5 1.3 60 0  
12  2239.5 1.29 60 0  2999.5 1.3 60 0  2197 1.28 60 0  2978.5 1.31 60 0  
13  2404 1.34 60 0  3002.5 1.3 60 0  2264.5 1.29 60 0  2971.5 1.24 60 0  
14  2363 1.32 60 0  3002.5 1.29 60 0  2237.5 1.28 60 0  2971.5 1.23 60 0  
15  2199 1.28 60 0  2992.5 1.29 60 0  2274.5 1.29 60 0  2974.5 1.23 60 0  
16  2315 1.3 60 0  2989.5 1.25 60 0  2302 1.3 60 0  2988 1.26 60 0  
17  2241.5 1.28 60 0  2989.5 1.24 60 0  2226 1.28 60 0  2988 1.28 60 0  
18  2332 1.31 60 0  2991 1.23 60 0  2147.5 1.26 60 0  2966 1.23 60 0  
19  2218 1.28 60 0  2991 1.23 60 0  2255.5 1.29 60 0  2971.5 1.28 60 0  
20  2207.5 1.28 60 0  2962 1.27 60 0  2189.5 1.28 60 0  2971.5 1.29 60 0  
21  2288.5 1.3 60 0  2969.5 1.3 60 0  2250.5 1.29 60 0  2958 1.3 60 0  
22  2364.5 1.32 60 0  2992 1.3 60 0  2388 1.34 60 0  2998 1.3 60 0  
23  2142 1.26 60 0  2992 1.23 60 0  2160 1.26 60 0  2998 1.26 60 0  
24  2225.5 1.28 60 0  2969 1.23 60 0  2326 1.31 60 0  2986.5 1.28 60 0  
25  2401.5 1.34 60 0  2995.5 1.31 60 0  2428.5 1.36 60 0  3001.5 1.3 60 0  
26  2189 1.28 60 0  2995.5 1.3 60 0  2263.5 1.29 60 0  3001.5 1.31 60 0  
27  2181.5 1.28 60 0  2958 1.27 60 0  2258.5 1.29 60 0  2972.5 1.23 60 0  
28  2248 1.29 60 0  2962.5 1.27 60 0  2235.5 1.28 60 0  2972.5 1.3 60 0  
29  2296.5 1.3 60 0  2983 1.27 60 0  2353 1.32 60 0  2993 1.28 60 0  
30  2256.5 1.29 60 0  2983 1.3 60 0  2365.5 1.32 60 0  2993 1.3 60 0  
31  2410 1.34 60 0  2995 1.24 60 0  2259.5 1.29 60 0  2992 1.3 60 0  
32  2096 1.25 60 0  2995 1.26 60 0  2256.5 1.29 60 0  2979.5 1.26 60 0  
33  2183.5 1.28 60 0  2961.5 1.29 60 0  2168 1.26 60 0  2979.5 1.23 60 0  
34  2154 1.26 60 0  2961.5 1.26 60 0  2113.5 1.25 60 0  2957.5 1.27 60 0  
35  2233.5 1.28 60 0  2975.5 1.23 60 0  2115 1.26 60 0  2952.5 1.27 60 0  
36  2190 1.28 60 0  2975.5 1.3 60 0  2321.5 1.31 60 0  2984 1.27 60 0  
37  2254.5 1.29 60 0  2975 1.28 60 0  2173.5 1.27 60 0  2984 1.27 60 0  
38  2285.5 1.29 60 0  2981 1.27 60 0  2156.5 1.26 60 0  2953.5 1.25 60 0  
39  2205 1.28 60 0  2981 1.25 60 0  2166 1.26 60 0  2966 1.26 60 0  
40  2104.5 1.25 60 0  2974 1.26 60 0  2093.5 1.25 60 0  2966 1.26 60 0  
41  2148 1.26 60 0  2956.5 1.26 60 0  2169 1.27 60 0  2952 1.27 60 0  
42  2100 1.25 60 0  2948.5 1.27 60 0  2266.5 1.29 60 0  2980 1.27 60 0  
43  2202 1.28 60 0  2964.5 1.23 60 0  2202 1.28 60 0  2980 1.23 60 0  
44  2240 1.28 60 0  2969 1.27 60 0  2243.5 1.28 60 0  2968.5 1.23 60 0  
45  2294 1.29 60 0  2982.5 1.23 60 0  2187 1.28 60 0  2968.5 1.27 60 0  
46  2198.5 1.28 60 0  2982.5 1.27 60 0  2172 1.27 60 0  2962.5 1.26 60 0  
47  2331.5 1.31 60 0  2991 1.23 60 0  2312 1.3 60 0  2986 1.26 60 0  
48  2128.5 1.26 60 0  2991 1.3 60 0  2184.5 1.28 60 0  2986 1.27 60 0  
49  2337.5 1.31 60 0  2996 1.26 60 0  2302 1.3 60 0  2988 1.23 60 0  
50  2229.5 1.28 60 0  2996 1.27 60 0  2355.5 1.32 60 0  2993 1.23 60 0  
51  2159 1.26 60 0  2971 1.26 60 0  2136 1.26 60 0  2993 1.26 60 0  
52  2258.5 1.29 60 0  2974 1.28 60 0  2279.5 1.29 60 0  2979 1.24 60 0  
53  2251 1.29 60 0  2974 1.27 60 0  2226 1.28 60 0  2979 1.3 60 0  
54  2302.5 1.29 60 0  2986.5 1.26 60 0  2286.5 1.29 60 0  2983.5 1.23 60 0  
55  2085.5 1.25 60 0  2986.5 1.26 60 0  2210 1.28 60 0  2983.5 1.23 60 0  
56  2089 1.25 60 0  2951.5 1.23 60 0  2006 1.24 60 0  2973.5 1.25 60 0  
57  2244.5 1.29 60 0  2971 1.28 60 0  2152.5 1.26 60 0  2951.5 1.29 60 0  
58  2321 1.31 60 0  2989 1.24 60 0  2196 1.28 60 0  2967.5 1.23 60 0  
59  2367 1.32 60 0  2989 1.23 60 0  2198 1.28 60 0  2967.5 1.25 60 0  
60  2290 1.29 60 0  2988.5 1.23 60 0  2329.5 1.31 60 0  2991 1.26 60 0  
61  2234 1.28 60 0  2984 1.27 60 0  2326.5 1.31 60 0  2991 1.23 60 0  
62  2353.5 1.32 60 0  2986 1.3 60 0  2155 1.26 60 0  2988 1.3 60 0  
63  2341.5 1.32 60 0  2990.5 1.27 60 0  2241.5 1.28 60 0  2973.5 1.23 60 0  
64  2175 1.28 60 0  2990.5 1.28 60 0  2368 1.32 60 0  2997.5 1.29 60 0  
65  2158 1.26 60 0  2962.5 1.26 60 0  2107 1.25 60 0  2997.5 1.23 60 0  
66  2295 1.3 60 0  2980 1.3 60 0  2245.5 1.29 60 0  2967.5 1.3 60 0  
67  2170.5 1.26 60 0  2980 1.29 60 0  2285.5 1.29 60 0  2979.5 1.23 60 0  
68  2141 1.26 60 0  2956 1.26 60 0  2090 1.25 60 0  2979.5 1.23 60 0  
69  2361 1.32 60 0  2993 1.28 60 0  2124.5 1.26 60 0  2944.5 1.23 60 0  
70  2107.5 1.25 60 0  2993 1.27 60 0  2142 1.26 60 0  2956.5 1.25 60 0  
71  2301 1.29 60 0  2985.5 1.23 60 0  2259 1.29 60 0  2979 1.26 60 0  
72  2227 1.28 60 0  2985.5 1.23 60 0  2138 1.26 60 0  2979 1.27 60 0  
73  2156.5 1.26 60 0  2974 1.23 60 0  2243.5 1.29 60 0  2974 1.28 60 0  
74  2199.5 1.28 60 0  2958 1.3 60 0  2336 1.32 60 0  2985.5 1.3 60 0  
75  2346.5 1.32 60 0  2993 1.26 60 0  2315 1.3 60 0  2987 1.28 60 0  
76  2131 1.26 60 0  2993 1.27 60 0  2158.5 1.26 60 0  2987 1.28 60 0  
77  2169.5 1.27 60 0  2957 1.27 60 0  2138 1.26 60 0  2951 1.28 60 0  
78  2122.5 1.26 60 0  2957 1.24 60 0  2285 1.29 60 0  2980.5 1.23 60 0  
79  2290 1.29 60 0  2987.5 1.27 60 0  2058.5 1.24 60 0  2980.5 1.27 60 0  
80  2179.5 1.28 60 0  2987.5 1.23 60 0  2184.5 1.28 60 0  2962.5 1.24 60 0  
81  2197.5 1.28 60 0  2962.5 1.3 60 0  2205 1.28 60 0  2962.5 1.27 60 0  
82  2290.5 1.29 60 0  2983 1.26 60 0  2309.5 1.3 60 0  2985.5 1.26 60 0  
83  2235.5 1.28 60 0  2983 1.3 60 0  2198.5 1.28 60 0  2985.5 1.27 60 0  
84  2296.5 1.29 60 0  2983.5 1.27 60 0  2271.5 1.29 60 0  2978.5 1.27 60 0  
85  2226 1.28 60 0  2983.5 1.27 60 0  2113.5 1.25 60 0  2978.5 1.24 60 0  
86  2273.5 1.29 60 0  2980.5 1.26 60 0  2273.5 1.29 60 0  2980.5 1.27 60 0  
87  2197.5 1.28 60 0  2980.5 1.23 60 0  2324.5 1.31 60 0  2990 1.27 60 0  
88  2124 1.26 60 0  2967.5 1.29 60 0  2138 1.26 60 0  2990 1.23 60 0  
89  2168 1.26 60 0  2952.5 1.26 60 0  2161 1.26 60 0  2952.5 1.28 60 0  
90  2245 1.28 60 0  2976.5 1.27 60 0  2240.5 1.28 60 0  2973.5 1.23 60 0  
91  2189.5 1.28 60 0  2976.5 1.26 60 0  2202.5 1.28 60 0  2973.5 1.23 60 0  
92  2056 1.24 60 0  2968.5 1.23 60 0  2243 1.28 60 0  2978 1.23 60 0  
93  2362 1.32 60 0  2994.5 1.3 60 0  2219 1.28 60 0  2978 1.26 60 0  
94  2140.5 1.26 60 0  2994.5 1.26 60 0  2282 1.29 60 0  2978.5 1.24 60 0  
95  2291.5 1.29 60 0  2978 1.26 60 0  2349.5 1.32 60 0  2989 1.26 60 0  
96  2151 1.26 60 0  2978 1.27 60 0  2295 1.29 60 0  2989 1.27 60 0  
97  2234.5 1.28 60 0  2975 1.26 60 0  2187 1.28 60 0  2983.5 1.27 60 0  
98  2130.5 1.26 60 0  2975 1.26 60 0  2138.5 1.26 60 0  2965 1.27 60 0  
99  2132 1.26 60 0  2951.5 1.23 60 0  2295.5 1.29 60 0  2982.5 1.23 60 0  
100  2221 1.28 60 0  2964 1.23 60 0  2210 1.28 60 0  2982.5 1.29 60 0  
101  2306.5 1.3 60 0  2985.5 1.24 60 0  2148.5 1.26 60 0  2960.5 1.28 60 0  
102  2125.5 1.26 60 0  2985.5 1.24 60 0  2260.5 1.29 60 0  2979 1.23 60 0  
103  2311 1.3 60 0  2993 1.23 60 0  2147 1.26 60 0  2979 1.28 60 0  
104  2238 1.28 60 0  2993 1.23 60 0  2109 1.25 60 0  2962 1.23 60 0  
105  2263.5 1.29 60 0  2978 1.23 60 0  2235.5 1.28 60 0  2964.5 1.3 60 0  
106  2298.5 1.3 60 0  2983.5 1.23 60 0  2293.5 1.29 60 0  2979 1.23 60 0  
107  2247 1.28 60 0  2983.5 1.23 60 0  2255 1.29 60 0  2979 1.23 60 0  
108  2350.5 1.32 60 0  2996.5 1.3 60 0  2183.5 1.27 60 0  2972 1.23 60 0  
109  2192.5 1.28 60 0  2996.5 1.23 60 0  2088 1.25 60 0  2962.5 1.23 60 0  
110  2157 1.26 60 0  2970 1.27 60 0  2132 1.26 60 0  2950.5 1.23 60 0  
111  2228 1.28 60 0  2972 1.27 60 0  2133 1.26 60 0  2951 1.24 60 0  
112  2185.5 1.28 60 0  2972 1.27 60 0  2284.5 1.29 60 0  2983 1.23 60 0  
113  2204.5 1.28 60 0  2968 1.25 60 0  2211.5 1.28 60 0  2983 1.3 60 0  
114  2208.5 1.28 60 0  2968 1.26 60 0  2337.5 1.31 60 0  2989.5 1.27 60 0  
115  2097.5 1.25 60 0  2968 1.27 60 0  2077 1.25 60 0  2989.5 1.24 60 0  
116  2202.5 1.28 60 0  2968.5 1.26 60 0  2358 1.32 60 0  2996.5 1.27 60 0  
117  2329.5 1.31 60 0  2988.5 1.23 60 0  2189.5 1.28 60 0  2996.5 1.28 60 0  
118  2103.5 1.25 60 0  2988.5 1.26 60 0  2091.5 1.25 60 0  2961.5 1.23 60 0  
119  2134.5 1.26 60 0  2960 1.26 60 0  2294 1.29 60 0  2987 1.27 60 0  
120  2244.5 1.28 60 0  2976.5 1.23 60 0  2169 1.27 60 0  2987 1.28 60 0  
121  2325 1.31 60 0  2983.5 1.23 60 0  2191.5 1.28 60 0  2959 1.3 60 0  
122  2265.5 1.29 60 0  2984.5 1.23 60 0  2270.5 1.29 60 0  2984.5 1.23 60 0  
123  2122.5 1.26 60 0  2984.5 1.26 60 0  2141 1.26 60 0  2984.5 1.3 60 0  
124  2201 1.28 60 0  2968 1.29 60 0  2217.5 1.28 60 0  2970.5 1.26 60 0  
125  2200 1.28 60 0  2969 1.27 60 0  2167.5 1.26 60 0  2970.5 1.28 60 0  
126  2290 1.29 60 0  2980 1.23 60 0  2149 1.26 60 0  2960.5 1.25 60 0  
127  2162.5 1.26 60 0  2980 1.24 60 0  2278.5 1.29 60 0  2987 1.24 60 0  
128  2312 1.3 60 0  2983.5 1.27 60 0  2084 1.25 60 0  2987 1.28 60 0  
129  2185 1.28 60 0  2983.5 1.24 60 0  2247.5 1.29 60 0  2968.5 1.3 60 0  
130  2342 1.32 60 0  2984.5 1.28 60 0  2189 1.28 60 0  2968.5 1.3 60 0  
131  2196.5 1.28 60 0  2984.5 1.28 60 0  2369.5 1.32 60 0  2993.5 1.23 60 0  
132  2321.5 1.3 60 0  2987.5 1.24 60 0  2175 1.26 60 0  2993.5 1.23 60 0  
133  2255.5 1.29 60 0  2987.5 1.23 60 0  2327.5 1.31 60 0  2986.5 1.27 60 0  
134  2062.5 1.24 60 0  2974 1.26 60 0  2287.5 1.29 60 0  2986.5 1.23 60 0  
135  2216 1.28 60 0  2962.5 1.29 60 0  2233.5 1.28 60 0  2983.5 1.26 60 0  
136  2103.5 1.25 60 0  2962.5 1.27 60 0  2293 1.29 60 0  2983.5 1.23 60 0  
137  2177.5 1.28 60 0  2951.5 1.3 60 0  2135 1.26 60 0  2983.5 1.24 60 0  
138  2163.5 1.26 60 0  2954.5 1.27 60 0  2337.5 1.32 60 0  2988.5 1.27 60 0  
139  2195.5 1.27 60 0  2970.5 1.23 60 0  2184.5 1.27 60 0  2988.5 1.23 60 0  
140  2214.5 1.28 60 0  2970.5 1.23 60 0  2239.5 1.29 60 0  2970 1.3 60 0  
141  2311.5 1.3 60 0  2984 1.26 60 0  2340 1.32 60 0  2990 1.23 60 0  
142  2111 1.25 60 0  2984 1.27 60 0  2108 1.25 60 0  2990 1.29 60 0  
143  2106.5 1.25 60 0  2958.5 1.23 60 0  2147 1.26 60 0  2968.5 1.23 60 0  
144  2156.5 1.26 60 0  2958.5 1.27 60 0  2113.5 1.26 60 0  2968.5 1.29 60 0  
145  2251.5 1.29 60 0  2965.5 1.3 60 0  2222.5 1.28 60 0  2957 1.28 60 0  
146  2265.5 1.29 60 0  2970.5 1.3 60 0  2401 1.34 60 0  2998 1.3 60 0  
147  2313 1.3 60 0  2981 1.27 60 0  2142 1.26 60 0  2998 1.3 60 0  
148  2243 1.29 60 0  2981 1.24 60 0  2341 1.32 60 0  2985.5 1.3 60 0  
149  2237.5 1.28 60 0  2976 1.24 60 0  2109 1.25 60 0  2985.5 1.23 60 0  
150  2240 1.28 60 0  2976 1.27 60 0  2357.5 1.32 60 0  2993.5 1.28 60 0  
151  2346 1.32 60 0  2986.5 1.27 60 0  2226.5 1.28 60 0  2993.5 1.27 60 0  
152  2117.5 1.26 60 0  2986.5 1.27 60 0  2328.5 1.32 60 0  2984.5 1.23 60 0  
153  2173.5 1.27 60 0  2956 1.27 60 0  2047.5 1.24 60 0  2984.5 1.23 60 0  
154  2322.5 1.31 60 0  2984 1.27 60 0  2197 1.28 60 0  2963 1.28 60 0  
155  2142.5 1.26 60 0  2984 1.23 60 0  2342 1.32 60 0  2990 1.27 60 0  
156  2239.5 1.28 60 0  2967.5 1.28 60 0  2151.5 1.26 60 0  2990 1.28 60 0  
157  2355 1.32 60 0  2989 1.3 60 0  2105.5 1.26 60 0  2947 1.27 60 0  
158  2277 1.29 60 0  2989 1.27 60 0  2268 1.29 60 0  2976.5 1.23 60 0  
159  2156.5 1.26 60 0  2977 1.3 60 0  2148.5 1.26 60 0  2976.5 1.23 60 0  
160  2214 1.28 60 0  2960 1.33 60 0  2372.5 1.32 60 0  2990 1.29 60 0  
161  2355.5 1.32 60 0  2992.5 1.24 60 0  2336.5 1.31 60 0  2990 1.24 60 0  
162  2234.5 1.28 60 0  2992.5 1.26 60 0  2215 1.28 60 0  2988 1.24 60 0  
163  2186 1.28 60 0  2960 1.26 60 0  2275 1.29 60 0  2971.5 1.33 60 0  
164  2197 1.28 60 0  2961 1.3 60 0  2327 1.31 60 0  2986 1.31 60 0  
165  2219 1.28 60 0  2962.5 1.25 60 0  2186.5 1.28 60 0  2986 1.3 60 0  
166  2231.5 1.28 60 0  2969.5 1.24 60 0  2333.5 1.31 60 0  2986.5 1.25 60 0  
167  2383 1.32 60 0  2993.5 1.33 60 0  2279 1.29 60 0  2986.5 1.33 60 0  
168  2238.5 1.28 60 0  2993.5 1.34 60 0  2365.5 1.32 60 0  2985.5 1.26 60 0  
169  2254 1.29 60 0  2967 1.33 60 0  2219.5 1.28 60 0  2985.5 1.27 60 0  
170  2247.5 1.29 60 0  2967 1.25 60 0  2230 1.28 60 0  2959 1.33 60 0  
171  2254.5 1.29 60 0  2963.5 1.35 60 0  2407 1.34 60 0  2993.5 1.31 60 0  
172  2342 1.32 60 0  2988.5 1.27 60 0  2321.5 1.3 60 0  2993.5 1.24 60 0  
173  2373 1.32 60 0  2988.5 1.26 60 0  2276.5 1.29 60 0  2983 1.26 60 0  
174  2244 1.29 60 0  2984 1.29 60 0  2204 1.28 60 0  2965 1.33 60 0  
175  2317 1.3 60 0  2979.5 1.3 60 0  2312.5 1.31 60 0  2979.5 1.24 60 0  
176  2211.5 1.28 60 0  2979.5 1.3 60 0  2190.5 1.28 60 0  2979.5 1.33 60 0  
177  2286 1.29 60 0  2978.5 1.31 60 0  2178 1.28 60 0  2952 1.24 60 0  
178  2200.5 1.28 60 0  2978.5 1.33 60 0  2303.5 1.3 60 0  2979 1.33 60 0  
179  2324 1.31 60 0  2980 1.33 60 0  2187 1.28 60 0  2979 1.24 60 0  
180  2234 1.28 60 0  2980 1.3 60 0  2248 1.29 60 0  2960 1.26 60 0  
181  2369 1.32 60 0  2983.5 1.35 60 0  2241 1.29 60 0  2960 1.35 60 0  
182  2275 1.29 60 0  2983.5 1.33 60 0  2382.5 1.33 60 0  2991 1.33 60 0  
183  2275.5 1.29 60 0  2974 1.35 60 0  2266 1.29 60 0  2991 1.26 60 0  
184  2294 1.3 60 0  2976.5 1.33 60 0  2218.5 1.28 60 0  2964.5 1.33 60 0  
185  2193.5 1.28 60 0  2976.5 1.33 60 0  2180.5 1.28 60 0  2958 1.28 60 0  
186  2391.5 1.32 60 0  2996 1.24 60 0  2290 1.29 60 0  2978.5 1.24 60 0  
187  2258 1.29 60 0  2996 1.33 60 0  2280.5 1.29 60 0  2978.5 1.3 60 0  
188  2301 1.3 60 0  2972.5 1.27 60 0  2227.5 1.28 60 0  2974.5 1.35 60 0  
189  2197 1.28 60 0  2972.5 1.31 60 0  2372.5 1.32 60 0  2989 1.25 60 0  
190  2257.5 1.29 60 0  2963 1.33 60 0  2247 1.29 60 0  2989 1.33 60 0  
191  2223 1.28 60 0  2963 1.33 60 0  2331.5 1.32 60 0  2981 1.24 60 0  
192  2219 1.28 60 0  2963 1.24 60 0  2206.5 1.28 60 0  2981 1.33 60 0  
193  2310 1.31 60 0  2970 1.35 60 0  2360.5 1.32 60 0  2980 1.28 60 0  
194  2363 1.32 60 0  2987 1.31 60 0  2373.5 1.32 60 0  2992.5 1.3 60 0  
195  2280 1.29 60 0  2987 1.26 60 0  2310 1.31 60 0  2992.5 1.26 60 0  
196  2323.5 1.31 60 0  2982.5 1.25 60 0  2196 1.28 60 0  2975.5 1.31 60 0  
197  2227.5 1.28 60 0  2982.5 1.35 60 0  2352 1.32 60 0  2981 1.26 60 0  
198  2428 1.35 60 0  2996 1.28 60 0  2250 1.29 60 0  2981 1.26 60 0  
199  2265.5 1.29 60 0  2996 1.34 60 0  2263.5 1.29 60 0  2964 1.33 60 0  
200  2229.5 1.28 60 0  2965.5 1.3 60 0  2267 1.29 60 0  2964 1.33 60 0  
201  2281 1.29 60 0  2977.5 1.3 60 0  2228.5 1.28 60 0  2967.5 1.31 60 0  
202  2287 1.29 60 0  2977.5 1.31 60 0  2359.5 1.32 60 0  2986 1.26 60 0  
203  2382 1.33 60 0  2992 1.31 60 0  2270.5 1.29 60 0  2986 1.33 60 0  
204  2244.5 1.29 60 0  2992 1.25 60 0  2352 1.32 60 0  2986 1.24 60 0  
205  2235.5 1.28 60 0  2968.5 1.24 60 0  2138 1.26 60 0  2986 1.24 60 0  
206  2222 1.28 60 0  2967 1.3 60 0  2179.5 1.28 60 0  2946.5 1.31 60 0  
207  2233.5 1.28 60 0  2963 1.24 60 0  2245 1.28 60 0  2964.5 1.28 60 0  
208  2247 1.29 60 0  2963 1.31 60 0  2353 1.32 60 0  2981.5 1.3 60 0  
209  2273 1.29 60 0  2962.5 1.27 60 0  2372.5 1.33 60 0  2982.5 1.33 60 0  
210  2370 1.32 60 0  2984 1.35 60 0  2245 1.29 60 0  2982.5 1.33 60 0  
211  2232 1.28 60 0  2984 1.27 60 0  2264.5 1.29 60 0  2961 1.34 60 0  
212  2235.5 1.28 60 0  2959 1.25 60 0  2228 1.28 60 0  2960.5 1.33 60 0  
213  2257.5 1.29 60 0  2965.5 1.24 60 0  2272 1.29 60 0  2968.5 1.3 60 0  
214  2232 1.28 60 0  2965.5 1.24 60 0  2259 1.29 60 0  2968.5 1.24 60 0  
215  2405.5 1.34 60 0  2985 1.36 60 0  2284 1.29 60 0  2968.5 1.36 60 0  
216  2167 1.27 60 0  2985 1.27 60 0  2385.5 1.33 60 0  2995 1.24 60 0  
217  2267 1.29 60 0  2969.5 1.35 60 0  2234 1.28 60 0  2995 1.33 60 0  
218  2170 1.27 60 0  2969.5 1.3 60 0  2162 1.26 60 0  2960.5 1.24 60 0  
219  2189 1.28 60 0  2955.5 1.24 60 0  2307 1.3 60 0  2980 1.25 60 0  
220  2317 1.31 60 0  2979 1.33 60 0  2206.5 1.28 60 0  2980 1.33 60 0  
221  2391.5 1.34 60 0  2989 1.33 60 0  2297.5 1.3 60 0  2971.5 1.33 60 0  
222  2167.5 1.27 60 0  2989 1.3 60 0  2341.5 1.32 60 0  2982.5 1.31 60 0  
223  2197.5 1.28 60 0  2948 1.33 60 0  2374 1.32 60 0  2985 1.26 60 0  
224  2203.5 1.28 60 0  2960 1.24 60 0  2316 1.3 60 0  2985 1.31 60 0  
225  2319.5 1.31 60 0  2978.5 1.33 60 0  2281 1.29 60 0  2981.5 1.24 60 0  
226  2290.5 1.29 60 0  2978.5 1.31 60 0  2186.5 1.28 60 0  2971.5 1.33 60 0  
227  2258.5 1.29 60 0  2973.5 1.33 60 0  2234 1.28 60 0  2962.5 1.31 60 0  
228  2426 1.36 60 0  2995 1.28 60 0  2330 1.32 60 0  2976.5 1.35 60 0  
229  2300 1.3 60 0  2995 1.33 60 0  2315.5 1.31 60 0  2977 1.27 60 0  
230  2428 1.35 60 0  2998 1.35 60 0  2270.5 1.29 60 0  2977 1.35 60 0  
231  2195 1.28 60 0  2998 1.28 60 0  2182.5 1.28 60 0  2965 1.24 60 0  
232  2397.5 1.34 60 0  2989.5 1.26 60 0  2399 1.34 60 0  2992 1.26 60 0  
233  2262.5 1.29 60 0  2989.5 1.27 60 0  2274 1.29 60 0  2992 1.33 60 0  
234  2282 1.29 60 0  2963 1.35 60 0  2310.5 1.31 60 0  2971.5 1.35 60 0  
235  2357.5 1.32 60 0  2987 1.31 60 0  2285 1.29 60 0  2978 1.3 60 0  
236  2243.5 1.29 60 0  2987 1.29 60 0  2260.5 1.29 60 0  2978 1.3 60 0  
237  2405.5 1.34 60 0  2996 1.34 60 0  2370 1.32 60 0  2986 1.35 60 0  
238  2227 1.28 60 0  2996 1.26 60 0  2424.5 1.35 60 0  2999 1.26 60 0  
239  2234.5 1.29 60 0  2958 1.33 60 0  2238 1.29 60 0  2999 1.33 60 0  
240  2311.5 1.3 60 0  2983 1.3 60 0  2304 1.3 60 0  2982 1.3 60 0  
241  2214 1.28 60 0  2983 1.28 60 0  2369 1.32 60 0  2991.5 1.31 60 0  
242  2362.5 1.32 60 0  2988 1.24 60 0  2222 1.28 60 0  2991.5 1.3 60 0  
243  2168.5 1.27 60 0  2988 1.3 60 0  2353.5 1.32 60 0  2988.5 1.3 60 0  
244  1 0.8 60 0  2988 1.3 60 0  41.5 0.81 60 0  2988.5 1.3 60 0  
245  2136.5 1.26 60 0  2945.5 1.26 60 0  2181 1.28 60 0  2959.5 1.26 60 0  
246  2238.5 1.28 60 0  2954 1.34 60 0  2250 1.29 60 0  2960 1.33 60 0  
247  2289.5 1.3 60 0  2967.5 1.34 60 0  2261.5 1.29 60 0  2960 1.35 60 0  
248  2202.5 1.28 60 0  2967.5 1.28 60 0  2192 1.28 60 0  2960 1.25 60 0  
249  2546 1.44 60 0  3010 1.41 60 0  2472 1.41 60 0  2985.5 1.41 60 0  
250  2404 1.34 60 0  3010 1.33 60 0  2410.5 1.34 60 0  2996 1.33 60 0  
251  2350 1.32 60 0  2994.5 1.3 60 0  2362 1.32 60 0  2996 1.24 60 0  
252  2214 1.28 60 0  2984.5 1.3 60 0  2163.5 1.26 60 0  2986.5 1.33 60 0  
253  2242.5 1.29 60 0  2958.5 1.33 60 0  2224 1.28 60 0  2951.5 1.33 60 0  
254  2241.5 1.29 60 0  2959 1.3 60 0  2365 1.32 60 0  2985.5 1.33 60 0  
255  2351.5 1.32 60 0  2984 1.24 60 0  2321.5 1.31 60 0  2985.5 1.24 60 0  
256  2297 1.3 60 0  2984 1.3 60 0  2257.5 1.29 60 0  2981 1.34 60 0  
257  2392 1.33 60 0  2996.5 1.33 60 0  2287 1.29 60 0  2976 1.33 60 0  
258  2267.5 1.29 60 0  2996.5 1.35 60 0  2243 1.29 60 0  2976 1.26 60 0  
259  2387.5 1.33 60 0  2999 1.3 60 0  2356 1.32 60 0  2991 1.24 60 0  
260  2278 1.29 60 0  2999 1.33 60 0  2279.5 1.29 60 0  2991 1.29 60 0  
261  2306 1.3 60 0  2983.5 1.24 60 0  2337 1.31 60 0  2989 1.29 60 0  
262  2214.5 1.28 60 0  2983.5 1.27 60 0  2205.5 1.28 60 0  2989 1.31 60 0  
263  2322 1.31 60 0  2984.5 1.3 60 0  2282 1.29 60 0  2979 1.3 60 0  
264  2189 1.28 60 0  2984.5 1.24 60 0  2179.5 1.27 60 0  2979 1.23 60 0  
265  2 0.81 60 0  2984.5 1.24 60 0  1.5 0.81 60 0  2979 1.23 60 0  
266  0 0 60 0  0 0 60 0  0 0 60 0  0 0 60 0  
267  0 0 60 0  0 0 60 0  0 0 60 0  0 0 60 0  
268  0 0 60 0  0 0 60 0  0 0 60 0  0 0 60 0  
269  0 0 60 0  0 0 60 0  0 0 60 0  0 0 60 0  
270  0 0 60 0  0 0 60 0  0 0 60 0  0 0 60 0  
271  2221.5 1.28 60 0  2962.5 1.24 60 0  2192 1.28 60 0  2959.5 1.28 60 0  
272  4.5 0.8 60 0  2962.5 1.24 60 0  3 0.8 60 0  2959.5 1.28 60 0  
273  2217.5 1.28 60 0  2956 1.24 60 0  2213.5 1.28 60 0  2957.5 1.27 60 0  
274  2245 1.29 60 0  2972.5 1.31 60 0  2210.5 1.28 60 0  2966 1.3 60 0  
275  2202.5 1.28 60 0  2972.5 1.25 60 0  2290.5 1.29 60 0  2977.5 1.24 60 0  
276  2285.5 1.3 60 0  2962 1.28 60 0  2251 1.29 60 0  2977.5 1.27 60 0  
277  2388 1.33 60 0  2996.5 1.24 60 0  2270.5 1.29 60 0  2976.5 1.24 60 0  
278  2243.5 1.29 60 0  2996.5 1.34 60 0  2338 1.32 60 0  2982 1.3 60 0  
279  2385 1.33 60 0  2990 1.26 60 0  2215.5 1.28 60 0  2982 1.26 60 0  
280  2253.5 1.29 60 0  2990 1.33 60 0  2200.5 1.28 60 0  2954.5 1.33 60 0  
281  2301.5 1.3 60 0  2979 1.25 60 0  2203.5 1.28 60 0  2961 1.25 60 0  
282  2211 1.28 60 0  2979 1.33 60 0  2242.5 1.29 60 0  2963 1.26 60 0  
283  2063 1.24 60 0  2955 1.23 60 0  2075.5 1.25 60 0  2963 1.23 60 0  
284  2268.5 1.29 60 0  2971 1.3 60 0  2183 1.28 60 0  2955 1.26 60 0  
285  2334.5 1.32 60 0  2982 1.26 60 0  2242 1.29 60 0  2965 1.31 60 0  
286  2208.5 1.28 60 0  2982 1.33 60 0  2220.5 1.28 60 0  2965 1.33 60 0  
287  2185 1.28 60 0  2957 1.3 60 0  2174.5 1.27 60 0  2960 1.3 60 0  
288  2236 1.28 60 0  2973 1.24 60 0  2343.5 1.32 60 0  2991 1.24 60 0  
289  2302.5 1.29 60 0  2985 1.26 60 0  2166 1.26 60 0  2991 1.29 60 0  
290  2052 1.24 60 0  2985 1.23 60 0  1997 1.23 60 0  2961.5 1.27 60 0  
291  2135.5 1.26 60 0  2955.5 1.23 60 0  2087.5 1.25 60 0  2948.5 1.23 60 0  
292  2086 1.25 60 0  2955.5 1.23 60 0  2274.5 1.29 60 0  2983 1.3 60 0  
293  2154.5 1.26 60 0  2954 1.24 60 0  2210.5 1.28 60 0  2983 1.27 60 0  
294  2268.5 1.29 60 0  2978.5 1.28 60 0  2256 1.29 60 0  2976.5 1.23 60 0  
295  2201 1.28 60 0  2978.5 1.3 60 0  2207.5 1.28 60 0  2976.5 1.3 60 0  
296  2170 1.26 60 0  2965 1.3 60 0  2239.5 1.28 60 0  2973 1.3 60 0  
297  2188 1.28 60 0  2960.5 1.24 60 0  2262.5 1.29 60 0  2975.5 1.3 60 0  
298  2231.5 1.28 60 0  2970 1.24 60 0  2355.5 1.32 60 0  2990.5 1.24 60 0  
299  2356.5 1.32 60 0  2985.5 1.33 60 0  2162 1.26 60 0  2990.5 1.24 60 0  
300  2246 1.29 60 0  2985.5 1.25 60 0  2252.5 1.29 60 0  2972.5 1.3 60 0  
301  2091 1.25 60 0  2970.5 1.28 60 0  2269.5 1.29 60 0  2978.5 1.29 60 0  
302  2177 1.26 60 0  2961 1.3 60 0  2251 1.28 60 0  2978.5 1.3 60 0  
303  2350.5 1.32 60 0  2994.5 1.23 60 0  2213.5 1.28 60 0  2976.5 1.25 60 0  
304  2085.5 1.24 60 0  2994.5 1.26 60 0  2281.5 1.29 60 0  2984.5 1.23 60 0  
305  2008 1.24 60 0  2953 1.23 60 0  2160 1.26 60 0  2984.5 1.27 60 0  
306  2329.5 1.3 60 0  2986 1.29 60 0  2082 1.25 60 0  2964.5 1.23 60 0  
307  2239.5 1.28 60 0  2986 1.23 60 0  2363 1.32 60 0  2993 1.24 60 0  
308  2199 1.27 60 0  2974.5 1.27 60 0  2105.5 1.25 60 0  2993 1.25 60 0  
309  2255 1.29 60 0  2975 1.3 60 0  2210 1.28 60 0  2961.5 1.3 60 0  
310  2330 1.31 60 0  2986 1.3 60 0  2216.5 1.28 60 0  2964.5 1.3 60 0  
311  2309.5 1.3 60 0  2988.5 1.29 60 0  2299 1.29 60 0  2985.5 1.28 60 0  
312  2080 1.25 60 0  2988.5 1.23 60 0  2254.5 1.28 60 0  2985.5 1.3 60 0  
313  2216.5 1.28 60 0  2957 1.3 60 0  2211 1.28 60 0  2978.5 1.33 60 0  
314  2339 1.31 60 0  2986.5 1.24 60 0  2289.5 1.29 60 0  2979 1.24 60 0  
315  28 0.81 60 0  2986.5 1.24 60 0  10.5 0.81 60 0  2979 1.24 60 0  
316  2126.5 1.26 60 0  2953.5 1.23 60 0  2068 1.24 60 0  2942.5 1.23 60 0  
317  2431.5 1.35 60 0  3003.5 1.26 60 0  2398 1.34 60 0  2995.5 1.25 60 0  
318  2194 1.28 60 0  3003.5 1.25 60 0  2211.5 1.28 60 0  2995.5 1.24 60 0  
319  2148 1.28 60 0  2959 1.33 60 0  2270 1.3 60 0  2978 1.25 60 0  
320  2378 1.32 60 0  2990.5 1.33 60 0  2283.5 1.29 60 0  2978 1.34 60 0  
321  2240 1.31 60 0  2990.5 1.3 60 0  2210.5 1.3 60 0  2973.5 1.33 60 0  
322  52.5 0.81 60 0  2990.5 1.3 60 0  32 0.81 60 0  2973.5 1.33 60 0  
323  2218.5 1.28 60 0  2960.5 1.26 60 0  2247.5 1.29 60 0  2971.5 1.25 60 0  
324  2375.5 1.32 60 0  2994 1.24 60 0  2378.5 1.32 60 0  2995.5 1.24 60 0  
325  2381.5 1.32 60 0  2994 1.26 60 0  2290.5 1.29 60 0  2995.5 1.33 60 0  
326  2252.5 1.29 60 0  2989.5 1.26 60 0  2253 1.29 60 0  2977 1.25 60 0  
327  2320 1.31 60 0  2979 1.26 60 0  2412 1.34 60 0  2997 1.34 60 0  
328  2335.5 1.31 60 0  2990.5 1.28 60 0  2185.5 1.28 60 0  2997 1.29 60 0  
329  2236 1.28 60 0  2990.5 1.3 60 0  2350 1.32 60 0  2988.5 1.3 60 0  
330  2335 1.31 60 0  2990 1.3 60 0  2225.5 1.28 60 0  2988.5 1.24 60 0  
331  2353 1.32 60 0  2990 1.33 60 0  2299.5 1.3 60 0  2978.5 1.29 60 0  
332  2117.5 1.26 60 0  2984.5 1.3 60 0  2357.5 1.32 60 0  2992.5 1.3 60 0  
333  2255 1.29 60 0  2971 1.28 60 0  2402.5 1.34 60 0  2998.5 1.25 60 0  
334  2378 1.32 60 0  2997 1.3 60 0  2214 1.28 60 0  2998.5 1.29 60 0  
335  2293 1.29 60 0  2997 1.3 60 0  2279 1.29 60 0  2978.5 1.24 60 0  
336  2121.5 1.26 60 0  2980 1.3 60 0  2137 1.26 60 0  2978.5 1.3 60 0  
337  2346.5 1.32 60 0  2990 1.24 60 0  2283 1.29 60 0  2981 1.3 60 0  
338  2307.5 1.3 60 0  2990 1.26 60 0  2280 1.29 60 0  2981 1.33 60 0  
339  2124 1.26 60 0  2978.5 1.3 60 0  2328 1.31 60 0  2989 1.23 60 0  
340  2326.5 1.31 60 0  2982 1.33 60 0  2243 1.28 60 0  2989 1.33 60 0  
341  2362 1.32 60 0  2996 1.28 60 0  2310.5 1.3 60 0  2986.5 1.3 60 0  
342  2172 1.26 60 0  2996 1.3 60 0  2148 1.26 60 0  2986.5 1.28 60 0  
343  2342 1.31 60 0  2992 1.23 60 0  2113.5 1.25 60 0  2957 1.24 60 0  
344  2212.5 1.28 60 0  2992 1.23 60 0  2201 1.28 60 0  2961 1.3 60 0  
345  2359.5 1.32 60 0  2985.5 1.26 60 0  2420.5 1.35 60 0  3001.5 1.26 60 0  
346  2264 1.29 60 0  2985.5 1.33 60 0  2236 1.28 60 0  3001.5 1.33 60 0  
347  2379 1.32 60 0  2995 1.24 60 0  2377 1.32 60 0  2995.5 1.24 60 0  
348  2250 1.28 60 0  2995 1.3 60 0  2285.5 1.29 60 0  2995.5 1.3 60 0  
349  2322 1.31 60 0  2979.5 1.33 60 0  2347.5 1.32 60 0  2982.5 1.33 60 0  
350  2230.5 1.28 60 0  2979.5 1.26 60 0  2367.5 1.32 60 0  2989 1.31 60 0  
351  2330 1.31 60 0  2990 1.3 60 0  2359.5 1.32 60 0  2994 1.24 60 0  
352  2243.5 1.28 60 0  2990 1.27 60 0  2280 1.29 60 0  2994 1.33 60 0  
353  2222.5 1.28 60 0  2963.5 1.33 60 0  2347 1.32 60 0  2981.5 1.31 60 0  
354  2336 1.32 60 0  2981 1.31 60 0  2227.5 1.28 60 0  2981.5 1.26 60 0  
355  2226 1.28 60 0  2981 1.26 60 0  2219.5 1.28 60 0  2960 1.25 60 0  
356  2303 1.3 60 0  2978 1.33 60 0  2402 1.34 60 0  2993.5 1.33 60 0  
357  2351.5 1.32 60 0  2982.5 1.27 60 0  2307 1.3 60 0  2993.5 1.31 60 0  
358  2379 1.33 60 0  2992 1.24 60 0  2363.5 1.32 60 0  2987.5 1.33 60 0  
359  2232.5 1.28 60 0  2992 1.33 60 0  2200 1.28 60 0  2987.5 1.3 60 0  
360  2314 1.3 60 0  2983 1.3 60 0  2195 1.28 60 0  2960 1.3 60 0  
361  2236 1.28 60 0  2983 1.33 60 0  2359.5 1.32 60 0  2984.5 1.33 60 0  
362  2298.5 1.29 60 0  2978.5 1.26 60 0  2383.5 1.32 60 0  2995 1.3 60 0  
363  2230 1.28 60 0  2978.5 1.24 60 0  2232 1.28 60 0  2995 1.28 60 0  
364  2382.5 1.33 60 0  2990.5 1.33 60 0  2376 1.32 60 0  2989 1.25 60 0  
365  2209.5 1.28 60 0  2990.5 1.33 60 0  2227 1.28 60 0  2989 1.3 60 0  
366  2365.5 1.32 60 0  2984.5 1.25 60 0  2248 1.29 60 0  2964.5 1.25 60 0  
367  2448.5 1.37 60 0  3002.5 1.29 60 0  2451 1.37 60 0  3003 1.28 60 0  
368  2278 1.29 60 0  3002.5 1.26 60 0  2237 1.29 60 0  3003 1.26 60 0  
369  2381.5 1.32 60 0  2991 1.24 60 0  2400.5 1.33 60 0  2996 1.24 60 0  
370  2432.5 1.36 60 0  2995 1.28 60 0  2442 1.36 60 0  2998 1.29 60 0  
371  2404.5 1.34 60 0  2995 1.24 60 0  2422.5 1.34 60 0  2998.5 1.26 60 0  
372  2377 1.32 60 0  2994 1.24 60 0  2372.5 1.32 60 0  2998.5 1.25 60 0  
373  2400.5 1.34 60 0  2991.5 1.26 60 0  2414.5 1.34 60 0  2993.5 1.26 60 0  
374  2409.5 1.34 60 0  2998 1.26 60 0  2382.5 1.33 60 0  2993.5 1.25 60 0  
375  2395.5 1.33 60 0  2998 1.26 60 0  2248 1.29 60 0  2991.5 1.33 60 0  
376  2254 1.29 60 0  2991 1.33 60 0  2387 1.33 60 0  2989.5 1.27 60 0  
377  2216.5 1.28 60 0  2965.5 1.26 60 0  2209 1.28 60 0  2989.5 1.33 60 0  
378  2240.5 1.28 60 0  2968.5 1.3 60 0  2357 1.32 60 0  2989.5 1.3 60 0  
379  2274.5 1.29 60 0  2972 1.24 60 0  2156.5 1.26 60 0  2989.5 1.25 60 0  
380  2134.5 1.26 60 0  2972 1.3 60 0  2153.5 1.26 60 0  2953 1.3 60 0  
381  2217 1.28 60 0  2956.5 1.24 60 0  2194.5 1.28 60 0  2953 1.25 60 0  
382  2203.5 1.28 60 0  2960 1.3 60 0  2299 1.3 60 0  2980 1.24 60 0  
383  2277.5 1.29 60 0  2976.5 1.31 60 0  2153.5 1.26 60 0  2980 1.3 60 0  
384  2213.5 1.28 60 0  2976.5 1.25 60 0  2247.5 1.28 60 0  2967 1.26 60 0  
385  2200.5 1.28 60 0  2961.5 1.33 60 0  2218 1.28 60 0  2967 1.33 60 0  
386  2258.5 1.29 60 0  2964.5 1.33 60 0  2252.5 1.29 60 0  2964 1.27 60 0  
387  2190 1.28 60 0  2964.5 1.33 60 0  2392 1.34 60 0  2991.5 1.3 60 0  
388  2387 1.33 60 0  2994 1.3 60 0  2202 1.28 60 0  2991.5 1.3 60 0  
389  2189.5 1.28 60 0  2994 1.25 60 0  2188.5 1.28 60 0  2960 1.26 60 0  
390  2097.5 1.25 60 0  2958 1.3 60 0  2366.5 1.32 60 0  2994 1.3 60 0  
391  2193.5 1.28 60 0  2955 1.29 60 0  2257.5 1.29 60 0  2994 1.31 60 0  
392  2281.5 1.29 60 0  2977 1.29 60 0  2194.5 1.28 60 0  2969.5 1.3 60 0  
393  2186 1.28 60 0  2977 1.25 60 0  2326 1.31 60 0  2984 1.24 60 0  
394  2284 1.29 60 0  2977.5 1.24 60 0  2194 1.28 60 0  2984 1.24 60 0  
395  2114 1.25 60 0  2977.5 1.24 60 0  2120.5 1.26 60 0  2958.5 1.24 60 0  
396  2201.5 1.28 60 0  2959.5 1.25 60 0  2219 1.28 60 0  2964.5 1.24 60 0  
397  2147 1.26 60 0  2959.5 1.3 60 0  2161.5 1.26 60 0  2964.5 1.26 60 0  
398  2191 1.27 60 0  2964 1.28 60 0  2330 1.31 60 0  2992 1.3 60 0  
399  2244.5 1.28 60 0  2967 1.33 60 0  2274.5 1.29 60 0  2992 1.27 60 0  
400  2194.5 1.28 60 0  2967 1.25 60 0  2231.5 1.28 60 0  2973 1.3 60 0  
401  2361.5 1.34 60 0  2968 1.33 60 0  2380 1.34 60 0  2972 1.39 60 0  
402  2304 1.3 60 0  2979 1.35 60 0  2364 1.32 60 0  2987.5 1.33 60 0  
403  2179.5 1.26 60 0  2979 1.3 60 0  2296 1.29 60 0  2987.5 1.3 60 0  
404  2340 1.32 60 0  2988 1.3 60 0  2298 1.29 60 0  2982 1.3 60 0  
405  2236.5 1.28 60 0  2988 1.31 60 0  2193.5 1.28 60 0  2982 1.31 60 0  
406  2323.5 1.31 60 0  2981.5 1.33 60 0  2247.5 1.29 60 0  2965 1.33 60 0  
407  2147 1.26 60 0  2981.5 1.28 60 0  2214.5 1.28 60 0  2975 1.27 60 0  
408  2372 1.32 60 0  2996.5 1.24 60 0  2236.5 1.28 60 0  2975 1.3 60 0  
409  2187 1.28 60 0  2996.5 1.33 60 0  2194.5 1.28 60 0  2972 1.31 60 0  
410  2186 1.28 60 0  2954.5 1.25 60 0  2276.5 1.29 60 0  2973.5 1.3 60 0  
411  2156.5 1.26 60 0  2956 1.23 60 0  2081.5 1.25 60 0  2973.5 1.27 60 0  
412  2259.5 1.29 60 0  2979 1.23 60 0  2337.5 1.31 60 0  2989.5 1.23 60 0  
413  2144.5 1.26 60 0  2979 1.3 60 0  2177 1.27 60 0  2989.5 1.3 60 0  
414  2233.5 1.28 60 0  2976 1.3 60 0  2274 1.29 60 0  2981 1.27 60 0  
415  2241.5 1.28 60 0  2976 1.26 60 0  2272 1.29 60 0  2981 1.26 60 0  
416  2190 1.28 60 0  2964 1.3 60 0  2334 1.31 60 0  2982.5 1.26 60 0  
417  2229.5 1.28 60 0  2962.5 1.33 60 0  2227.5 1.28 60 0  2982.5 1.33 60 0  
418  2296 1.29 60 0  2981.5 1.23 60 0  2294 1.29 60 0  2981 1.24 60 0  
419  2264 1.29 60 0  2981.5 1.36 60 0  2280.5 1.29 60 0  2981 1.36 60 0  
420  2368 1.32 60 0  2988 1.31 60 0  2389 1.33 60 0  2995 1.24 60 0  
421  2371 1.32 60 0  2988 1.33 60 0  2286.5 1.29 60 0  2995 1.33 60 0  
422  2296 1.31 60 0  2987.5 1.36 60 0  2397.5 1.35 60 0  2982.5 1.28 60 0  
423  2388.5 1.33 60 0  2990.5 1.31 60 0  2318.5 1.31 60 0  2982.5 1.3 60 0  
424  2209 1.28 60 0  2990.5 1.33 60 0  2226 1.28 60 0  2980 1.33 60 0  
425  2336 1.31 60 0  2984 1.3 60 0  2283.5 1.29 60 0  2978.5 1.3 60 0  
426  2146 1.26 60 0  2984 1.3 60 0  2141 1.26 60 0  2978.5 1.3 60 0  
427  2241.5 1.29 60 0  2963.5 1.3 60 0  2351 1.32 60 0  2982.5 1.33 60 0  
428  2239.5 1.29 60 0  2963.5 1.26 60 0  2217 1.28 60 0  2982.5 1.33 60 0  
429  2264.5 1.29 60 0  2965 1.35 60 0  2231.5 1.28 60 0  2957.5 1.33 60 0  
430  2239 1.28 60 0  2965.5 1.24 60 0  2343.5 1.32 60 0  2982.5 1.24 60 0  
431  2344 1.32 60 0  2983 1.3 60 0  2357 1.32 60 0  2984.5 1.3 60 0  
432  2156.5 1.26 60 0  2983 1.3 60 0  2173 1.26 60 0  2984.5 1.3 60 0  
433  2310.5 1.3 60 0  2978.5 1.24 60 0  2359.5 1.32 60 0  2984.5 1.33 60 0  
434  2160 1.26 60 0  2978.5 1.31 60 0  2249 1.29 60 0  2984.5 1.26 60 0  
435  2324 1.31 60 0  2982 1.33 60 0  2231 1.28 60 0  2972.5 1.3 60 0  
436  2134 1.26 60 0  2982 1.24 60 0  2152.5 1.26 60 0  2965 1.23 60 0  
437  2154 1.26 60 0  2950.5 1.3 60 0  2162 1.26 60 0  2952.5 1.3 60 0  
438  2260.5 1.29 60 0  2971.5 1.27 60 0  2350 1.32 60 0  2987.5 1.3 60 0  
439  2343.5 1.32 60 0  2982 1.26 60 0  2200.5 1.28 60 0  2987.5 1.25 60 0  
440  2199.5 1.28 60 0  2982 1.33 60 0  2215 1.28 60 0  2959.5 1.25 60 0  
441  2189.5 1.28 60 0  2954.5 1.25 60 0  2169 1.27 60 0  2959.5 1.33 60 0  
442  2261.5 1.29 60 0  2966 1.26 60 0  2221.5 1.28 60 0  2957 1.33 60 0  
443  2413.5 1.34 60 0  2993.5 1.33 60 0  2245 1.29 60 0  2963 1.33 60 0  
444  2108.5 1.25 60 0  2993.5 1.26 60 0  2271 1.29 60 0  2979.5 1.3 60 0  
445  2375 1.32 60 0  2994 1.24 60 0  2177.5 1.27 60 0  2979.5 1.25 60 0  
446  2226 1.28 60 0  2994 1.31 60 0  2213 1.28 60 0  2965 1.33 60 0  
447  2170 1.26 60 0  2966.5 1.33 60 0  2189 1.28 60 0  2965 1.31 60 0  
448  2224 1.28 60 0  2959 1.31 60 0  2376.5 1.32 60 0  2988 1.26 60 0  
449  2312.5 1.3 60 0  2980 1.24 60 0  2203 1.28 60 0  2988 1.24 60 0  
450  2226.5 1.28 60 0  2980 1.33 60 0  2217 1.28 60 0  2959 1.25 60 0  
451  2275.5 1.29 60 0  2972.5 1.3 60 0  2215.5 1.28 60 0  2960 1.3 60 0  
452  2142 1.26 60 0  2972.5 1.24 60 0  2287.5 1.29 60 0  2979 1.24 60 0  
453  2149 1.26 60 0  2946 1.24 60 0  2266.5 1.29 60 0  2979 1.31 60 0  
454  2408 1.34 60 0  2990 1.35 60 0  2222 1.28 60 0  2973.5 1.27 60 0  
455  2291 1.29 60 0  2990 1.24 60 0  2182 1.28 60 0  2951.5 1.24 60 0  
456  2161.5 1.26 60 0  2975.5 1.24 60 0  2311.5 1.31 60 0  2978.5 1.29 60 0  
457  2257 1.29 60 0  2972.5 1.24 60 0  2328.5 1.31 60 0  2986 1.24 60 0  
458  2231 1.28 60 0  2972.5 1.31 60 0  2176.5 1.28 60 0  2986 1.24 60 0  
459  2243.5 1.29 60 0  2961.5 1.3 60 0  2212 1.28 60 0  2951.5 1.3 60 0  
460  2379 1.33 60 0  2982 1.27 60 0  2288 1.3 60 0  2965.5 1.35 60 0  
461  2279.5 1.29 60 0  2982 1.33 60 0  2276.5 1.29 60 0  2965.5 1.27 60 0  
462  2290.5 1.3 60 0  2970 1.3 60 0  2405.5 1.34 60 0  2994 1.34 60 0  
463  2341.5 1.32 60 0  2980 1.25 60 0  2257.5 1.29 60 0  2994 1.26 60 0  
464  2219 1.28 60 0  2980 1.33 60 0  2229 1.28 60 0  2963.5 1.3 60 0  
465  2234 1.28 60 0  2958 1.26 60 0  2255.5 1.29 60 0  2964.5 1.27 60 0  
466  2244 1.28 60 0  2958 1.33 60 0  2250.5 1.29 60 0  2964.5 1.26 60 0  
467  2373.5 1.32 60 0  2985.5 1.24 60 0  2398.5 1.34 60 0  2994.5 1.33 60 0  
468  2248 1.29 60 0  2985.5 1.31 60 0  2223 1.28 60 0  2994.5 1.25 60 0  
469  2242.5 1.3 60 0  2964 1.27 60 0  2226 1.29 60 0  2959.5 1.35 60 0  
470  2336.5 1.32 60 0  2978 1.33 60 0  2221.5 1.28 60 0  2958 1.29 60 0  
471  2125.5 1.26 60 0  2978 1.3 60 0  2344 1.32 60 0  2984.5 1.24 60 0  
472  2331.5 1.31 60 0  2985 1.24 60 0  2113 1.25 60 0  2984.5 1.24 60 0  
473  2132.5 1.26 60 0  2985 1.3 60 0  2224 1.28 60 0  2968.5 1.3 60 0  
474  2339 1.32 60 0  2981 1.26 60 0  2249.5 1.29 60 0  2968.5 1.29 60 0  
475  2182 1.27 60 0  2981 1.23 60 0  2317.5 1.3 60 0  2985 1.23 60 0  
476  2167.5 1.26 60 0  2958.5 1.3 60 0  2295 1.29 60 0  2985 1.3 60 0  
477  2337 1.32 60 0  2979.5 1.3 60 0  2223.5 1.28 60 0  2981.5 1.24 60 0  
478  2190 1.28 60 0  2979.5 1.3 60 0  2375 1.32 60 0  2992 1.3 60 0  
479  2160.5 1.26 60 0  2955 1.27 60 0  2203.5 1.28 60 0  2992 1.33 60 0  
480  2425.5 1.35 60 0  2996.5 1.33 60 0  2396 1.34 60 0  2989 1.26 60 0  
481  2074.5 1.24 60 0  2996.5 1.23 60 0  2290 1.29 60 0  2989 1.23 60 0  
482  2375.5 1.32 60 0  2993 1.24 60 0  2241.5 1.28 60 0  2983 1.31 60 0  
483  2143.5 1.26 60 0  2993 1.3 60 0  2234 1.28 60 0  2968.5 1.3 60 0  
484  2333.5 1.31 60 0  2988 1.28 60 0  2331.5 1.31 60 0  2986.5 1.23 60 0  
485  2208 1.28 60 0  2988 1.24 60 0  2200.5 1.28 60 0  2986.5 1.24 60 0  
486  2213.5 1.28 60 0  2965.5 1.3 60 0  2252 1.29 60 0  2972.5 1.24 60 0  
487  2268 1.29 60 0  2970.5 1.25 60 0  2394.5 1.33 60 0  2991.5 1.33 60 0  
488  2337.5 1.31 60 0  2989.5 1.26 60 0  2305.5 1.3 60 0  2991.5 1.24 60 0  
489  2292 1.29 60 0  2989.5 1.28 60 0  2088.5 1.25 60 0  2984.5 1.23 60 0  
490  2308 1.31 60 0  2983.5 1.26 60 0  2241.5 1.29 60 0  2960 1.26 60 0  
491  2322.5 1.3 60 0  2990 1.26 60 0  2136.5 1.26 60 0  2960 1.29 60 0  
492  2205.5 1.28 60 0  2990 1.24 60 0  2368.5 1.32 60 0  2991.5 1.24 60 0  
493  2287.5 1.29 60 0  2980.5 1.24 60 0  2167.5 1.26 60 0  2991.5 1.24 60 0  
494  2139.5 1.26 60 0  2980.5 1.3 60 0  2335.5 1.31 60 0  2988 1.24 60 0  
495  2246.5 1.29 60 0  2971 1.24 60 0  2227.5 1.28 60 0  2988 1.3 60 0  
496  2392 1.34 60 0  2983 1.33 60 0  2398.5 1.34 60 0  2983 1.36 60 0  
497  2262 1.29 60 0  2983 1.3 60 0  2370 1.32 60 0  2988.5 1.25 60 0  
498  2360 1.32 60 0  2996 1.28 60 0  2327 1.31 60 0  2988.5 1.24 60 0  
499  2224.5 1.28 60 0  2996 1.24 60 0  2154 1.26 60 0  2988.5 1.3 60 0  
500  2409.5 1.34 60 0  2998 1.24 60 0  2398 1.33 60 0  2992.5 1.33 60 0  
501  2220 1.28 60 0  2998 1.24 60 0  2205 1.28 60 0  2992.5 1.31 60 0  
502  2199.5 1.28 60 0  2962.5 1.25 60 0  2255 1.29 60 0  2967.5 1.25 60 0  
503  2396 1.34 60 0  2991 1.31 60 0  2281 1.29 60 0  2970 1.33 60 0  
504  2338.5 1.31 60 0  2991 1.29 60 0  2309 1.3 60 0  2984.5 1.23 60 0  
505  2311.5 1.31 60 0  2991 1.33 60 0  2270.5 1.29 60 0  2984.5 1.34 60 0  
506  2265 1.29 60 0  2978.5 1.31 60 0  2244 1.28 60 0  2969 1.27 60 0  
507  2336 1.31 60 0  2985.5 1.23 60 0  2343 1.32 60 0  2984.5 1.24 60 0  
508  2200 1.28 60 0  2985.5 1.24 60 0  2142 1.26 60 0  2984.5 1.31 60 0  
509  2209.5 1.28 60 0  2961 1.3 60 0  2195 1.28 60 0  2956 1.31 60 0  
510  2363 1.32 60 0  2990 1.24 60 0  2149.5 1.26 60 0  2956 1.31 60 0  
511  2253 1.29 60 0  2990 1.26 60 0  2233.5 1.28 60 0  2961.5 1.35 60 0  
512  2220.5 1.28 60 0  2965 1.3 60 0  2361.5 1.32 60 0  2992 1.25 60 0  
513  2390.5 1.34 60 0  2989 1.35 60 0  2305 1.3 60 0  2992 1.34 60 0  
514  2347 1.32 60 0  2989 1.3 60 0  2355 1.32 60 0  2987.5 1.31 60 0  
515  2316.5 1.3 60 0  2986.5 1.29 60 0  2312.5 1.3 60 0  2987.5 1.3 60 0  
516  2294.5 1.3 60 0  2985 1.33 60 0  2286 1.29 60 0  2985.5 1.33 60 0  
517  2297 1.29 60 0  2980 1.29 60 0  2365.5 1.32 60 0  2992 1.24 60 0  
518  2338 1.32 60 0  2981 1.33 60 0  2221.5 1.28 60 0  2992 1.3 60 0  
519  2178.5 1.26 60 0  2981 1.3 60 0  2375.5 1.32 60 0  2992 1.26 60 0  
520  2265 1.29 60 0  2970 1.27 60 0  2379 1.32 60 0  2992 1.26 60 0  
521  2388.5 1.33 60 0  2992.5 1.31 60 0  2267.5 1.29 60 0  2991 1.26 60 0  
522  2242.5 1.28 60 0  2992.5 1.24 60 0  2220.5 1.28 60 0  2972 1.3 60 0  
523  2311 1.3 60 0  2982 1.29 60 0  2200 1.28 60 0  2968 1.3 60 0  
524  2252 1.29 60 0  2982 1.27 60 0  2424.5 1.35 60 0  3001 1.33 60 0  
525  2194.5 1.28 60 0  2963 1.31 60 0  2123 1.26 60 0  3001 1.3 60 0  
526  2286.5 1.29 60 0  2972.5 1.26 60 0  2260 1.29 60 0  2967 1.33 60 0  
527  2323 1.31 60 0  2981 1.31 60 0  2361.5 1.32 60 0  2987.5 1.3 60 0  
528  2212.5 1.28 60 0  2981 1.29 60 0  2241.5 1.28 60 0  2987.5 1.33 60 0  
529  2411.5 1.34 60 0  2991.5 1.33 60 0  2299.5 1.3 60 0  2973 1.27 60 0  
530  2236.5 1.28 60 0  2991.5 1.33 60 0  2382 1.32 60 0  2993 1.31 60 0  
531  2313 1.3 60 0  2983 1.3 60 0  2338 1.31 60 0  2993 1.3 60 0  
532  2143.5 1.26 60 0  2983 1.28 60 0  2138 1.26 60 0  2991.5 1.3 60 0  
533  2391.5 1.34 60 0  2990.5 1.33 60 0  2278 1.29 60 0  2973.5 1.3 60 0  
534  2222 1.28 60 0  2990.5 1.33 60 0  2358.5 1.32 60 0  2983.5 1.26 60 0  
535  2289 1.29 60 0  2975 1.33 60 0  2409 1.34 60 0  2998 1.31 60 0  
536  2241.5 1.28 60 0  2975 1.3 60 0  2361 1.32 60 0  2998 1.24 60 0  
537  2347 1.32 60 0  2980 1.31 60 0  2297.5 1.3 60 0  2989.5 1.27 60 0  
538  2389.5 1.34 60 0  2990.5 1.33 60 0  2239.5 1.28 60 0  2973.5 1.24 60 0  
539  2215.5 1.28 60 0  2990.5 1.31 60 0  2193.5 1.28 60 0  2964 1.33 60 0  
540  2294 1.3 60 0  2971.5 1.33 60 0  2400 1.34 60 0  2992.5 1.3 60 0  
541  2271.5 1.29 60 0  2971.5 1.33 60 0  2397 1.34 60 0  2992.5 1.31 60 0  
542  2333.5 1.32 60 0  2984.5 1.3 60 0  2332 1.31 60 0  2992.5 1.24 60 0  
543  2358 1.32 60 0  2989 1.29 60 0  2266.5 1.29 60 0  2985 1.24 60 0  
544  2273.5 1.29 60 0  2989 1.33 60 0  2200.5 1.28 60 0  2976 1.25 60 0  
545  2208.5 1.28 60 0  2969 1.25 60 0  2272.5 1.29 60 0  2968.5 1.33 60 0  
546  2170 1.26 60 0  2952 1.24 60 0  2324.5 1.31 60 0  2982 1.25 60 0  
547  2331.5 1.32 60 0  2979 1.33 60 0  2419.5 1.35 60 0  2996 1.35 60 0  
548  2312 1.3 60 0  2981.5 1.24 60 0  2187.5 1.27 60 0  2996 1.28 60 0  
549  2279 1.29 60 0  2981.5 1.33 60 0  2307.5 1.3 60 0  2976 1.33 60 0  
550  2397.5 1.34 60 0  2988.5 1.31 60 0  2271 1.29 60 0  2976 1.33 60 0  
551  2312 1.31 60 0  2988.5 1.34 60 0  2291.5 1.3 60 0  2968.5 1.36 60 0  
552  2206.5 1.28 60 0  2974 1.3 60 0  2257.5 1.29 60 0  2971.5 1.24 60 0  
553  2396 1.34 60 0  2994 1.31 60 0  2269 1.29 60 0  2971.5 1.33 60 0  
554  2246 1.29 60 0  2994 1.33 60 0  2289.5 1.29 60 0  2972.5 1.26 60 0  
555  2385.5 1.33 60 0  2988 1.3 60 0  2299.5 1.3 60 0  2974 1.3 60 0  
556  2135.5 1.26 60 0  2988 1.3 60 0  2379.5 1.32 60 0  2997 1.31 60 0  
557  2281.5 1.29 60 0  2972 1.24 60 0  2250 1.29 60 0  2997 1.26 60 0  
558  2277.5 1.29 60 0  2972 1.33 60 0  2247.5 1.29 60 0  2965.5 1.33 60 0  
559  2343 1.32 60 0  2989 1.26 60 0  2207.5 1.28 60 0  2962.5 1.3 60 0  
560  2368.5 1.32 60 0  2989 1.3 60 0  2278 1.29 60 0  2974.5 1.33 60 0  
561  2244.5 1.29 60 0  2989 1.26 60 0  2254.5 1.29 60 0  2974.5 1.31 60 0  
562  2393 1.34 60 0  2989.5 1.25 60 0  2262.5 1.29 60 0  2967.5 1.33 60 0  
563  2281 1.29 60 0  2989.5 1.27 60 0  2251.5 1.29 60 0  2966 1.3 60 0  
564  2249 1.29 60 0  2966 1.33 60 0  2380.5 1.33 60 0  2991 1.33 60 0  
565  2380 1.33 60 0  2986 1.31 60 0  2253 1.29 60 0  2991 1.3 60 0  
566  2254 1.29 60 0  2986 1.28 60 0  2326 1.31 60 0  2982.5 1.24 60 0  
567  2349 1.32 60 0  2986.5 1.24 60 0  2251 1.28 60 0  2982.5 1.33 60 0  
568  2227.5 1.28 60 0  2986.5 1.3 60 0  2271.5 1.29 60 0  2973.5 1.31 60 0  
569  2260.5 1.29 60 0  2970 1.31 60 0  2376.5 1.32 60 0  2990 1.25 60 0  
570  2192 1.28 60 0  2970 1.3 60 0  2246.5 1.29 60 0  2990 1.33 60 0  
571  2398 1.34 60 0  2990 1.26 60 0  2243 1.29 60 0  2964 1.33 60 0  
572  2275.5 1.29 60 0  2990 1.33 60 0  2302.5 1.3 60 0  2975.5 1.33 60 0  
573  2294.5 1.31 60 0  2968 1.29 60 0  2294 1.31 60 0  2975.5 1.3 60 0  
574  2347.5 1.32 60 0  2991 1.24 60 0  2329 1.31 60 0  2989.5 1.23 60 0  
575  2203.5 1.28 60 0  2991 1.3 60 0  2325.5 1.31 60 0  2989.5 1.3 60 0  
576  2300 1.29 60 0  2982 1.23 60 0  2154.5 1.26 60 0  2984 1.3 60 0  
577  2219.5 1.28 60 0  2982 1.25 60 0  2247.5 1.29 60 0  2963.5 1.26 60 0  
578  2334.5 1.31 60 0  2988 1.3 60 0  2355.5 1.32 60 0  2992.5 1.3 60 0  
579  2249 1.28 60 0  2988 1.26 60 0  2278 1.29 60 0  2992.5 1.23 60 0  
580  2151.5 1.26 60 0  2977.5 1.3 60 0  2168 1.26 60 0  2982 1.31 60 0  
581  2154 1.26 60 0  2962.5 1.23 60 0  2323.5 1.3 60 0  2990.5 1.27 60 0  
582  2122.5 1.26 60 0  2962.5 1.27 60 0  2235.5 1.28 60 0  2990.5 1.24 60 0  
583  2391.5 1.34 60 0  2991 1.25 60 0  2409 1.34 60 0  2997.5 1.33 60 0  
584  2292 1.29 60 0  2991 1.3 60 0  2357.5 1.32 60 0  2997.5 1.27 60 0  
585  2364 1.32 60 0  2988 1.29 60 0  2354 1.32 60 0  2987.5 1.3 60 0  
586  2148 1.26 60 0  2988 1.24 60 0  2202 1.28 60 0  2987.5 1.3 60 0  
587  2095.5 1.25 60 0  2947.5 1.29 60 0  2079 1.25 60 0  2961 1.23 60 0  
588  2251 1.29 60 0  2966 1.33 60 0  2382 1.33 60 0  2992.5 1.25 60 0  
589  2207.5 1.28 60 0  2966 1.25 60 0  2151 1.26 60 0  2992.5 1.25 60 0  
590  2186.5 1.28 60 0  2958.5 1.23 60 0  2222 1.28 60 0  2966 1.28 60 0  
591  2223.5 1.28 60 0  2958.5 1.29 60 0  2236.5 1.28 60 0  2966 1.3 60 0  
592  2331 1.31 60 0  2982 1.31 60 0  2239 1.28 60 0  2967.5 1.3 60 0  
593  2199 1.28 60 0  2982 1.26 60 0  2265 1.29 60 0  2968.5 1.33 60 0  
594  2301 1.31 60 0  2970.5 1.33 60 0  2277 1.29 60 0  2968.5 1.33 60 0  
595  2159 1.26 60 0  2970.5 1.3 60 0  2301 1.3 60 0  2979 1.3 60 0  
596  2175.5 1.28 60 0  2949 1.24 60 0  2212 1.28 60 0  2979 1.24 60 0  
597  2425.5 1.36 60 0  2989.5 1.35 60 0  2284.5 1.3 60 0  2964 1.34 60 0  
598  2340.5 1.32 60 0  2989.5 1.34 60 0  2428.5 1.36 60 0  2992 1.35 60 0  
599  2427.5 1.36 60 0  2991 1.33 60 0  2306.5 1.31 60 0  2992 1.28 60 0  
600  2359 1.32 60 0  2991 1.28 60 0  2392 1.34 60 0  2983 1.28 60 0  
601  2283.5 1.3 60 0  2977.5 1.35 60 0  2301 1.31 60 0  2983 1.33 60 0  
602  2432.5 1.36 60 0  2991 1.28 60 0  2280.5 1.3 60 0  2969 1.28 60 0  
603  2205.5 1.28 60 0  2991 1.25 60 0  2368.5 1.32 60 0  2984 1.33 60 0  
604  2425.5 1.36 60 0  2993 1.3 60 0  2251.5 1.29 60 0  2984 1.26 60 0  
605  2407 1.34 60 0  2993 1.34 60 0  2435.5 1.36 60 0  2995.5 1.33 60 0  
606  2204 1.28 60 0  2989 1.25 60 0  2245 1.29 60 0  2995.5 1.24 60 0  
607  2299.5 1.31 60 0  2969.5 1.25 60 0  2285 1.3 60 0  2966.5 1.3 60 0  
608  2305.5 1.3 60 0  2980 1.24 60 0  2273 1.29 60 0  2976.5 1.24 60 0  
609  2156 1.26 60 0  2980 1.3 60 0  2167 1.26 60 0  2976.5 1.3 60 0  
610  2226 1.28 60 0  2959 1.3 60 0  2228 1.28 60 0  2960.5 1.3 60 0  
611  2317.5 1.31 60 0  2979 1.3 60 0  2310.5 1.3 60 0  2979 1.31 60 0  
612  2199.5 1.28 60 0  2979 1.3 60 0  2152 1.26 60 0  2979 1.24 60 0  
613  2208 1.28 60 0  2961 1.26 60 0  2181.5 1.28 60 0  2955 1.3 60 0  
614  2379 1.34 60 0  2968.5 1.41 60 0  2391 1.34 60 0  2970 1.41 60 0  
615  2353.5 1.32 60 0  2988.5 1.3 60 0  2375.5 1.32 60 0  2993.5 1.33 60 0  
616  2388 1.34 60 0  2988.5 1.36 60 0  2339 1.32 60 0  2993.5 1.35 60 0  
617  2304.5 1.3 60 0  2982 1.3 60 0  2290 1.29 60 0  2980.5 1.26 60 0  
618  2159 1.26 60 0  2982 1.29 60 0  2329.5 1.31 60 0  2983.5 1.3 60 0  
619  2301 1.3 60 0  2978 1.24 60 0  2178 1.28 60 0  2983.5 1.3 60 0  
620  2185 1.28 60 0  2978 1.25 60 0  2170.5 1.27 60 0  2951.5 1.25 60 0  
621  2183.5 1.28 60 0  2956.5 1.3 60 0  2360.5 1.32 60 0  2990.5 1.24 60 0  
622  2119.5 1.26 60 0  2956.5 1.29 60 0  2179 1.28 60 0  2990.5 1.29 60 0  
623  2221.5 1.28 60 0  2962.5 1.3 60 0  2348 1.32 60 0  2986.5 1.3 60 0  
624  2365 1.32 60 0  2989 1.3 60 0  2153.5 1.26 60 0  2986.5 1.24 60 0  
625  2311.5 1.3 60 0  2989 1.3 60 0  2340.5 1.31 60 0  2986 1.24 60 0  
626  2155.5 1.26 60 0  2982.5 1.24 60 0  2128 1.26 60 0  2986 1.3 60 0  
627  2186.5 1.28 60 0  2953.5 1.33 60 0  2215.5 1.28 60 0  2958.5 1.26 60 0  
628  2148 1.26 60 0  2953.5 1.3 60 0  2290.5 1.29 60 0  2978.5 1.3 60 0  
629  2202.5 1.28 60 0  2951 1.26 60 0  2235.5 1.28 60 0  2978.5 1.33 60 0  
630  2122 1.25 60 0  2951 1.3 60 0  2325.5 1.3 60 0  2987 1.3 60 0  
631  2134 1.26 60 0  2951.5 1.29 60 0  2199 1.28 60 0  2987 1.29 60 0  
632  2214 1.28 60 0  2957.5 1.33 60 0  2323 1.31 60 0  2980 1.31 60 0  
633  2312 1.31 60 0  2981 1.24 60 0  2161 1.26 60 0  2980 1.3 60 0  
634  2120.5 1.26 60 0  2981 1.24 60 0  2272 1.29 60 0  2975.5 1.3 60 0  
635  2387 1.33 60 0  2996 1.3 60 0  2189 1.28 60 0  2975.5 1.26 60 0  
636  2209 1.28 60 0  2996 1.28 60 0  2307 1.3 60 0  2982 1.3 60 0  
637  2182 1.28 60 0  2966.5 1.24 60 0  2245 1.28 60 0  2982 1.24 60 0  
638  2350.5 1.32 60 0  2987.5 1.23 60 0  2349.5 1.32 60 0  2986 1.24 60 0  
639  1877 0 60 0  2987.5 1.23 60 0  2158 0 60 0  2986 1.23 60 0  
