0  0 1.44 60 0  0 1.44 60 0  0 1.44 60 0  0 1.44 60 0  
1  249.92 1.29039 99.4162 -0.339928  249.649 1.27575 106.687 0.566303  249.976 1.28704 104.803 0.182654  250.176 1.26992 86.6451 -0.324285  
2  250.093 1.27996 94.4538 0.295508  250.353 1.26552 84.8393 -0.236449  250.363 1.29677 84.4196 -0.354999  249.712 1.27199 99.2669 0.814021  
3  249.857 1.32178 105.487 0.0118129  250.188 1.26447 91.6687 -0.394314  249.689 1.3123 102.739 0.101196  250.056 1.28896 96.7425 0.124896  
4  0 1.44 60 0  0 1.44 60 0  0 1.44 60 0  0 1.44 60 0  
5  0 1.44 60 0  0 1.44 60 0  0 1.44 60 0  0 1.44 60 0  
6  0 1.44 60 0  0 1.44 60 0  0 1.44 60 0  0 1.44 60 0  
7  0 1.44 60 0  0 1.44 60 0  0 1.44 60 0  0 1.44 60 0  
8  0 1.44 60 0  0 1.44 60 0  0 1.44 60 0  0 1.44 60 0  
9  0 1.44 60 0  0 1.44 60 0  0 1.44 60 0  0 1.44 60 0  
10  0 1.44 60 0  0 1.44 60 0  0 1.44 60 0  0 1.44 60 0  
11  0 1.44 60 0  0 1.44 60 0  0 1.44 60 0  0 1.44 60 0  
12  0 1.44 60 0  0 1.44 60 0  0 1.44 60 0  0 1.44 60 0  
13  0 1.44 60 0  0 1.44 60 0  0 1.44 60 0  0 1.44 60 0  
14  0 1.44 60 0  0 1.44 60 0  0 1.44 60 0  0 1.44 60 0  
15  0 1.44 60 0  0 1.44 60 0  0 1.44 60 0  0 1.44 60 0  
16  0 1.44 60 0  0 1.44 60 0  0 1.44 60 0  0 1.44 60 0  
17  249.747 1.27364 97.2958 0.255693  250.039 1.27994 103.391 -0.567561  249.793 1.28877 97.9925 0.457481  249.462 1.25507 105.721 0.756397  
18  0 1.44 60 0  0 1.44 60 0  0 1.44 60 0  0 1.44 60 0  
19  250.035 1.27925 97.4056 0.147498  249.958 1.26373 94.1323 -0.334464  249.515 1.28311 115.687 0.0522786  249.932 1.28587 96.8934 0.152898  
20  0 1.44 60 0  0 1.44 60 0  0 1.44 60 0  0 1.44 60 0  
21  0 1.44 60 0  0 1.44 60 0  0 1.44 60 0  0 1.44 60 0  
22  0 1.44 60 0  0 1.44 60 0  0 1.44 60 0  0 1.44 60 0  
23  0 1.44 60 0  0 1.44 60 0  0 1.44 60 0  0 1.44 60 0  
24  0 1.44 60 0  0 1.44 60 0  0 1.44 60 0  0 1.44 60 0  
25  0 1.44 60 0  0 1.44 60 0  0 1.44 60 0  0 1.44 60 0  
26  0 1.44 60 0  0 1.44 60 0  0 1.44 60 0  0 1.44 60 0  
27  0 1.44 60 0  0 1.44 60 0  0 1.44 60 0  0 1.44 60 0  
28  0 1.44 60 0  0 1.44 60 0  0 1.44 60 0  0 1.44 60 0  
29  0 1.44 60 0  0 1.44 60 0  0 1.44 60 0  0 1.44 60 0  
30  0 1.44 60 0  0 1.44 60 0  0 1.44 60 0  0 1.44 60 0  
31  0 1.44 60 0  0 1.44 60 0  0 1.44 60 0  0 1.44 60 0  
32  250.116 1.25454 87.0724 -0.0212227  249.999 1.21561 92.0152 -0.165367  249.985 1.25605 85.5541 0.0230027  249.357 1.23502 98.7234 1.17177  
33  250.2 1.25076 90.9011 0.225832  250.081 1.23541 85.0625 -0.401603  250.236 1.25592 85.2071 -0.0493264  249.948 1.22295 90.6482 0.0869055  
34  250.379 1.25168 84.6462 0.0111725  250.092 1.23631 93.171 -0.603393  250.187 1.25549 84.6383 0.0961215  250.257 1.23207 87.5965 -0.471395  
35  250.135 1.22876 94.1448 0.297506  250.087 1.21722 91.7374 -0.191648  250.336 1.22702 84.1206 -0.167671  250.191 1.19704 92.4039 -0.159605  
36  249.531 1.26209 102.548 -0.0883857  249.204 1.23516 106.97 1.50502  249.55 1.24499 106.733 0.421101  249.709 1.24509 102.273 0.370483  
37  249.827 1.26821 100.188 0.414669  249.977 1.25305 94.5929 0.239671  249.999 1.29076 95.5923 -0.0898799  250.154 1.25724 91.4478 -0.223672  
38  250.05 1.27514 93.869 -0.0173668  250.021 1.26163 92.3502 -0.670791  249.635 1.27745 110.9 0.941791  250.05 1.27585 78.0714 -0.0956878  
39  250.059 1.27987 87.9327 -0.261236  249.95 1.27147 90.642 0.169364  249.594 1.29641 95.9382 0.327969  249.945 1.28643 92.1988 0.110698  
40  249.755 1.26823 102.234 0.227815  249.841 1.25239 91.2024 0.37183  250.029 1.25511 91.6529 -0.0743149  250.288 1.25363 85.9535 -0.475324  
41  250.164 1.29935 84.3624 -0.647471  250.202 1.27262 80.376 -0.604362  249.929 1.28594 89.3774 0.00384972  249.993 1.28088 82.1285 -0.182554  
42  249.929 1.28193 92.2196 -0.0460624  250.067 1.2688 83.6989 -0.139573  249.674 1.27486 96.4319 0.308804  249.918 1.27075 89.8342 -0.135558  
43  249.822 1.24771 96.1097 0.449929  249.833 1.22989 96.2117 0.719468  249.981 1.25178 91.0894 0.386533  250.373 1.20982 81.6008 -0.786208  
44  250.639 1.23287 85.1379 -0.0575285  249.394 1.21128 101.122 1.32948  250.176 1.22307 97.9746 0.23501  249.987 1.22849 94.5365 -0.126018  
45  249.953 1.28932 84.8492 0.171911  250.075 1.26694 80.4409 -0.331456  249.906 1.27707 93.9365 0.316135  249.959 1.28008 86.0314 0.292858  
46  249.301 1.24499 113.848 0.341885  249.71 1.23545 104.068 0.594824  249.211 1.24106 101.988 -0.452874  249.97 1.22542 92.1035 0.224715  
47  250.138 1.25028 84.8286 0.280658  249.801 1.2595 90.624 -0.229494  249.924 1.24882 91.6261 0.489255  249.63 1.2335 93.2627 0.729094  
48  249.373 1.24638 106.533 0.372076  250.272 1.24456 86.4972 -0.290623  249.487 1.24729 107.647 0.4404  250.093 1.23046 92.2457 -0.158141  
49  250.007 1.28984 88.7099 0.154317  250.153 1.27159 78.6016 -0.0106558  249.928 1.26987 95.9818 -0.296687  250.049 1.26711 86.9123 -0.351935  
50  250.052 1.29827 89.1659 -0.256488  249.993 1.25823 96.3195 -0.3154  249.913 1.29122 91.4762 -0.376922  250.097 1.27289 88.7007 -0.152952  
51  249.673 1.22033 86.701 -0.402621  249.586 1.21014 95.1253 0.921093  250.293 1.22431 87.522 -0.274778  250.058 1.21876 82.5653 0.227958  
52  250.076 1.22899 93.2544 0.227368  250.12 1.20794 87.3095 -0.254005  249.714 1.23785 89.8585 -0.049284  249.887 1.22325 84.9091 0.271385  
53  249.833 1.24837 89.9823 0.409955  250.004 1.23598 89.3129 -0.0425081  250.227 1.26044 81.208 -0.117522  249.659 1.24458 103.387 0.359109  
54  0 1.44 60 0  0 1.44 60 0  0 1.44 60 0  0 1.44 60 0  
55  0 1.44 60 0  0 1.44 60 0  0 1.44 60 0  0 1.44 60 0  
56  249.967 1.2836 90.7324 0.338142  249.759 1.26303 91.2139 0.0166262  249.746 1.29478 91.457 -0.184112  249.923 1.27539 92.2032 0.221641  
57  0 1.44 60 0  0 1.44 60 0  0 1.44 60 0  0 1.44 60 0  
58  249.906 1.26887 94.223 0.688106  250.294 1.24237 88.8134 -0.695345  249.963 1.26937 93.8323 -0.0175455  249.888 1.24023 100.713 0.387738  
59  0 1.44 60 0  0 1.44 60 0  0 1.44 60 0  0 1.44 60 0  
60  0 1.44 60 0  0 1.44 60 0  0 1.44 60 0  0 1.44 60 0  
61  0 1.44 60 0  0 1.44 60 0  0 1.44 60 0  0 1.44 60 0  
62  0 1.44 60 0  0 1.44 60 0  0 1.44 60 0  0 1.44 60 0  
63  0 1.44 60 0  0 1.44 60 0  0 1.44 60 0  0 1.44 60 0  
64  0 1.44 60 0  0 1.44 60 0  0 1.44 60 0  0 1.44 60 0  
65  250.243 1.28501 84.7849 0.0611421  250.044 1.24959 87.5158 -0.193058  249.563 1.26096 104.435 -0.221152  250 1.24023 87.8246 -0.0187111  
66  250.253 1.24297 88.0661 -0.241868  249.91 1.22612 94.6065 0.227837  250.022 1.23944 93.7498 -0.321611  250.22 1.23222 93.3263 -0.625511  
67  250.106 1.26921 82.9861 -0.131978  250.025 1.25112 92.0712 -0.0305663  250.146 1.27861 79.5341 -0.145711  249.963 1.25308 94.1361 0.20936  
68  249.555 1.231 94.3181 -0.112369  250.086 1.22026 79.736 0.120365  250.303 1.23583 87.8724 -0.171724  249.868 1.22906 104.534 0.0944789  
69  250.424 1.30631 78.5495 -0.50304  249.857 1.28185 88.791 0.488474  250.114 1.30256 80.8893 -0.118777  249.995 1.29545 86.1487 -0.38526  
70  250.218 1.2947 83.9116 -0.308933  249.512 1.28266 95.6443 1.11333  249.857 1.30995 84.6074 0.299034  250.09 1.27873 86.3613 0.322289  
71  250.06 1.2918 79.4087 0.0383286  249.926 1.26028 89.695 -0.193333  250.354 1.29246 72.963 -0.00512355  250.113 1.26952 82.5441 -0.348588  
72  249.477 1.25455 104.555 0.11864  249.909 1.26053 92.8931 0.120076  249.785 1.28456 96.5937 0.269026  250.224 1.24236 81.8625 -0.239257  
73  249.897 1.29947 84.3097 0.126788  250.315 1.26969 77.1492 -0.505322  250.199 1.3027 77.8063 -0.174338  249.481 1.28286 101.625 0.845227  
74  250.074 1.2247 91.6792 -0.109979  249.049 1.18807 104.048 1.5635  250.651 1.21055 88.0637 0.0871177  251.018 1.19413 88.2045 -2.0745  
75  250.148 1.23459 85.6921 0.00946698  250.387 1.21601 82.1508 -0.901343  249.635 1.22331 92.2497 0.157805  249.467 1.2227 98.0644 1.15448  
76  249.976 1.25887 95.7317 0.379223  250.273 1.24101 86.0587 -0.663123  249.64 1.26247 103.812 -0.047181  249.195 1.25448 103.789 1.32666  
77  249.579 1.25445 95.3155 -0.00946146  250.256 1.23926 88.7786 -0.744953  249.87 1.24723 90.6193 0.36265  250.166 1.22762 87.8784 -0.522566  
78  250.018 1.26049 87.6591 0.123724  249.91 1.25395 96.2335 0.155298  249.729 1.26431 103.07 0.239048  249.866 1.24145 87.369 0.540919  
79  250.348 1.28656 77.9527 -0.297942  250.42 1.24478 79.1638 -0.522146  249.621 1.28374 92.301 0.412463  249.874 1.25703 93.607 0.236951  
80  249.887 1.2296 90.7929 -0.144565  250.052 1.20683 97.01 -0.935283  250.362 1.23735 82.8423 -0.30264  250.452 1.20674 82.1393 -1.19684  
81  249.667 1.27165 94.141 -0.206961  249.867 1.26585 86.4481 -0.0529446  250.138 1.2745 85.9619 -0.180839  249.456 1.25311 108.328 0.983767  
82  249.878 1.27792 90.7682 0.116251  249.929 1.26268 92.7087 -0.317638  249.934 1.28047 86.2998 -0.458698  249.666 1.25587 99.5005 0.591497  
83  250.039 1.26014 93.8564 0.0994257  250.195 1.26791 80.8399 -0.584695  249.687 1.26636 114.1 0.447245  249.381 1.25358 119.027 1.16491  
84  250.059 1.25991 91.101 0.0664924  250.249 1.24751 85.2825 -0.36386  250.159 1.25829 85.9669 -0.453694  250.188 1.23455 89.827 -0.396141  
85  250.086 1.30046 82.6825 -0.1443  250.053 1.2915 92.7068 -0.864987  249.698 1.31719 91.5963 0.366033  250.248 1.30057 78.9872 -0.536683  
86  0 1.44 60 0  0 1.44 60 0  0 1.44 60 0  0 1.44 60 0  
87  250.139 1.26747 87.5282 -0.0756608  250.283 1.27257 77.5947 -0.0292637  249.785 1.28231 92.2665 0.189634  250.42 1.24185 83.0401 -0.72613  
88  249.822 1.25847 102.141 0.129193  249.924 1.24523 89.4078 0.270386  249.484 1.26589 108.184 0.811892  250.317 1.26299 88.4502 -0.6183  
89  0 1.44 60 0  0 1.44 60 0  0 1.44 60 0  0 1.44 60 0  
90  0 1.44 60 0  0 1.44 60 0  0 1.44 60 0  0 1.44 60 0  
91  0 1.44 60 0  0 1.44 60 0  0 1.44 60 0  0 1.44 60 0  
92  0 1.44 60 0  0 1.44 60 0  0 1.44 60 0  0 1.44 60 0  
93  0 1.44 60 0  0 1.44 60 0  0 1.44 60 0  0 1.44 60 0  
94  0 1.44 60 0  0 1.44 60 0  0 1.44 60 0  0 1.44 60 0  
95  0 1.44 60 0  0 1.44 60 0  0 1.44 60 0  0 1.44 60 0  
96  0 1.44 60 0  0 1.44 60 0  0 1.44 60 0  0 1.44 60 0  
97  0 1.44 60 0  0 1.44 60 0  0 1.44 60 0  0 1.44 60 0  
98  250.393 1.23214 86.4899 0.101322  249.641 1.2249 91.3054 0.643904  250.058 1.24965 91.3926 0.0917236  250.337 1.21497 81.2499 -0.620712  
99  0 1.44 60 0  0 1.44 60 0  0 1.44 60 0  0 1.44 60 0  
100  0 1.44 60 0  0 1.44 60 0  0 1.44 60 0  0 1.44 60 0  
101  249.398 1.24443 106.858 0.118705  250.185 1.22268 91.7343 -0.181184  249.939 1.2382 88.4704 -0.337522  250.466 1.21125 88.178 -1.04084  
102  0 1.44 60 0  0 1.44 60 0  0 1.44 60 0  0 1.44 60 0  
103  0 1.44 60 0  0 1.44 60 0  0 1.44 60 0  0 1.44 60 0  
104  0 1.44 60 0  0 1.44 60 0  0 1.44 60 0  0 1.44 60 0  
105  0 1.44 60 0  0 1.44 60 0  0 1.44 60 0  0 1.44 60 0  
106  0 1.44 60 0  0 1.44 60 0  0 1.44 60 0  0 1.44 60 0  
107  0 1.44 60 0  0 1.44 60 0  0 1.44 60 0  0 1.44 60 0  
108  0 1.44 60 0  0 1.44 60 0  0 1.44 60 0  0 1.44 60 0  
109  249.475 1.22323 103.401 0.176975  249.377 1.22215 99.5926 1.25969  249.956 1.24029 85.2306 0.0764091  250.297 1.21043 93.8239 -0.742245  
110  0 1.44 60 0  0 1.44 60 0  0 1.44 60 0  0 1.44 60 0  
111  250.621 1.23266 77.241 -0.217865  249.991 1.21947 90.3084 -0.0592849  250.673 1.22875 73.6323 -0.166593  249.05 1.20449 100.25 1.7867  
112  0 1.44 60 0  0 1.44 60 0  0 1.44 60 0  0 1.44 60 0  
113  250.279 1.23594 78.6273 -0.303486  249.905 1.22218 87.2829 0.263597  249.481 1.24592 98.6561 0.551043  250.46 1.21239 84.3086 -0.846369  
114  0 1.44 60 0  0 1.44 60 0  0 1.44 60 0  0 1.44 60 0  
115  0 1.44 60 0  0 1.44 60 0  0 1.44 60 0  0 1.44 60 0  
116  0 1.44 60 0  0 1.44 60 0  0 1.44 60 0  0 1.44 60 0  
117  250.57 1.27629 83.5549 -0.764761  249.451 1.25212 101.332 1.26449  249.659 1.26742 99.9379 0.561548  250.102 1.24884 88.7313 0.055444  
118  250.076 1.24926 92.6509 0.195134  250.523 1.23332 85.7991 -1.09925  250.142 1.23657 89.0985 -0.138979  249.949 1.23498 99.846 0.0102288  
119  0 1.44 60 0  0 1.44 60 0  0 1.44 60 0  0 1.44 60 0  
120  0 1.44 60 0  0 1.44 60 0  0 1.44 60 0  0 1.44 60 0  
121  0 1.44 60 0  0 1.44 60 0  0 1.44 60 0  0 1.44 60 0  
122  0 1.44 60 0  0 1.44 60 0  0 1.44 60 0  0 1.44 60 0  
123  0 1.44 60 0  0 1.44 60 0  0 1.44 60 0  0 1.44 60 0  
124  0 1.44 60 0  0 1.44 60 0  0 1.44 60 0  0 1.44 60 0  
125  0 1.44 60 0  0 1.44 60 0  0 1.44 60 0  0 1.44 60 0  
126  0 1.44 60 0  0 1.44 60 0  0 1.44 60 0  0 1.44 60 0  
127  0 1.44 60 0  0 1.44 60 0  0 1.44 60 0  0 1.44 60 0  
128  250.081 1.26916 88.3152 0.0820666  250.034 1.23621 84.9294 -0.131475  249.989 1.26945 89.9447 0.174145  249.569 1.25397 90.2275 0.523881  
129  249.371 1.25338 98.7677 0.0344193  249.864 1.23941 92.3706 0.236243  250.07 1.24304 84.7406 -0.0128746  249.342 1.23537 102.87 0.949046  
130  250.166 1.26735 81.5203 -0.283071  249.506 1.24282 97.9881 0.932734  249.845 1.28007 90.3288 0.249252  250.097 1.25021 87.594 -0.138686  
131  249.783 1.25638 99.9705 0.357679  250.233 1.23744 84.0405 -0.153396  249.482 1.24516 100.939 0.112282  249.748 1.2296 88.4671 0.602487  
132  249.986 1.27118 95.5323 -0.0859162  249.835 1.24637 94.5076 -0.175103  249.87 1.27677 94.4969 0.53474  250.057 1.242 95.4212 -0.354043  
133  249.839 1.22648 90.8575 0.186112  249.305 1.24417 108.553 0.875103  250.238 1.23618 83.7856 -0.0883467  249.935 1.24125 95.3578 0.0423936  
134  250.013 1.22851 91.1654 0.254239  249.322 1.22634 98.4562 1.25114  249.825 1.22399 94.594 0.0502292  250.38 1.21253 82.7628 -1.02644  
135  250.118 1.24222 76.623 -0.303533  250.014 1.22119 89.8584 0.00121254  249.647 1.24372 89.0932 0.0827803  249.34 1.23397 102.737 1.36232  
136  249.951 1.25909 89.3773 0.237823  249.856 1.2473 90.0806 0.00268384  250.239 1.2612 80.6109 -0.404441  250.347 1.24262 85.3039 -0.684575  
137  250.049 1.2827 86.7544 0.08516  249.821 1.2611 89.8973 0.46885  249.847 1.29303 87.0296 0.129352  249.768 1.28145 83.7606 0.774069  
138  250.086 1.26636 88.4759 -0.042081  250.166 1.24769 88.0048 -0.258082  250.08 1.25024 91.5487 -0.0017688  249.994 1.26212 87.6472 -0.489837  
139  250.06 1.2986 82.5536 0.118672  249.909 1.28966 89.0161 0.100613  250.581 1.30474 78.8858 -0.615604  250.347 1.27441 78.0645 -0.381805  
140  249.402 1.25785 103.481 0.594194  249.966 1.23581 87.0782 0.117231  249.978 1.26439 87.4379 0.0627108  250.283 1.24017 91.5264 -1.1203  
141  249.248 1.2565 106.691 0.667405  249.578 1.24439 91.9405 0.634202  250.037 1.24297 83.4812 -0.316643  249.6 1.23841 92.4706 0.28297  
142  250.198 1.29286 74.4306 -0.188131  249.352 1.26266 99.6377 1.4988  250.075 1.29064 79.4527 -0.0755621  250.016 1.26719 86.3333 -0.128351  
143  250.273 1.21155 88.2443 0.0470603  250.3 1.18732 96.5673 -0.944452  250.191 1.20106 92.9625 0.0179058  248.897 1.17566 109.129 2.07656  
144  250.077 1.29144 87.0705 -0.036782  249.827 1.26547 88.4702 0.102729  249.811 1.2799 92.484 -0.0221344  250.114 1.2672 80.9898 -0.315939  
145  249.542 1.24468 85.9291 -0.0683318  249.488 1.2399 96.3299 0.994718  249.993 1.23836 85.5334 -0.399182  249.746 1.228 84.847 0.761305  
146  249.809 1.28429 85.2192 0.261168  249.943 1.25871 81.8008 0.426648  250.156 1.2727 81.6268 -0.0992656  250.348 1.246 79.8518 -0.493704  
147  250.269 1.26525 87.4704 -0.169943  250.096 1.27034 85.0755 -0.328232  249.802 1.27678 96.9426 0.392824  249.873 1.24611 97.2619 0.157764  
148  249.738 1.25381 101.789 0.121298  249.838 1.24006 88.3603 0.524955  250.146 1.26818 93.8096 -0.284661  249.43 1.23664 105.319 0.746394  
149  250.182 1.26177 88.7655 0.0908613  250.103 1.24566 90.1441 -0.228663  249.92 1.27025 90.5554 0.0858346  249.606 1.25343 92.5331 0.820343  
150  250.06 1.25598 96.4086 -0.0106131  250.342 1.25429 85.8946 -0.599918  250.075 1.25971 91.589 -0.131812  250.023 1.25693 91.6212 -0.225199  
151  249.541 1.25613 106.664 0.296648  250.357 1.23462 84.0966 -0.623327  250.007 1.253 89.2877 0.153456  250.51 1.24693 81.1343 -0.522062  
152  250.219 1.21395 99.9911 -0.0574764  249.244 1.20426 103.48 1.15553  250.231 1.22833 93.5651 0.248764  249.723 1.19114 82.888 0.869981  
153  249.181 1.25371 105.207 0.248444  249.981 1.25009 93.5966 0.076566  249.841 1.24953 92.4242 0.220724  250.512 1.24383 86.2771 -0.851019  
154  249.773 1.24544 94.4318 -0.222298  249.712 1.24039 98.2906 0.772024  249.89 1.23826 91.9246 -0.528499  249.427 1.23369 102.659 1.27123  
155  250.313 1.26679 87.4577 -0.174616  249.265 1.24442 103.848 1.28208  250.089 1.25776 90.009 0.311419  249.934 1.23926 95.9433 -0.0924324  
156  249.961 1.27967 86.137 0.168542  249.731 1.26584 89.7584 -0.0208517  249.994 1.26866 99.514 -0.336318  249.691 1.25389 100.575 0.40119  
157  250.13 1.29043 82.8755 -0.141893  249.828 1.2677 88.6851 -0.137043  249.787 1.2777 92.9601 0.570755  249.874 1.26132 91.3781 -0.0909408  
158  250.307 1.24163 86.8981 -0.094673  249.745 1.20711 97.1057 0.309496  250.035 1.25771 89.5743 -0.195739  250.098 1.20823 99.5145 -0.567266  
159  250.234 1.23847 83.8057 -0.284353  249.856 1.22812 100.68 -0.42355  250.161 1.25112 91.361 0.0957875  249.927 1.2383 93.2521 -0.09565  
160  0 1.44 60 0  0 1.44 60 0  0 1.44 60 0  0 1.44 60 0  
161  0 1.44 60 0  0 1.44 60 0  0 1.44 60 0  0 1.44 60 0  
162  0 1.44 60 0  0 1.44 60 0  0 1.44 60 0  0 1.44 60 0  
163  0 1.44 60 0  0 1.44 60 0  0 1.44 60 0  0 1.44 60 0  
164  250.124 1.33381 84.7791 -0.326534  249.353 1.31698 97.5804 0.365269  250.067 1.31947 85.7056 -0.0578548  249.939 1.32338 85.9657 -0.228343  
165  0 1.44 60 0  0 1.44 60 0  0 1.44 60 0  0 1.44 60 0  
166  0 1.44 60 0  0 1.44 60 0  0 1.44 60 0  0 1.44 60 0  
167  250.062 1.27974 89.0874 -0.0842879  250.11 1.28676 80.4801 0.255952  250.274 1.28847 80.0463 -0.398071  250.002 1.27075 97.9027 0.0183165  
168  249.526 1.26708 113.082 1.08144  250.148 1.28732 83.1114 0.383105  249.842 1.28627 89.304 0.200227  250.006 1.25711 89.6025 -0.208784  
169  0 1.44 60 0  0 1.44 60 0  0 1.44 60 0  0 1.44 60 0  
170  250.21 1.29925 82.7079 -0.291272  250.252 1.28496 81.5195 -0.0126138  250.032 1.31033 92.7465 0.387285  249.796 1.27393 94.588 0.458184  
171  250.106 1.30964 85.0737 -1.04833  249.424 1.29742 105.171 -0.0624283  250.145 1.30607 83.8015 -0.300626  249.906 1.29416 89.0122 0.162475  
172  0 1.44 60 0  0 1.44 60 0  0 1.44 60 0  0 1.44 60 0  
173  249.87 1.2819 87.584 -0.157708  249.548 1.2652 100.542 0.372761  250.362 1.29025 76.144 -0.428551  250.081 1.28024 89.3929 -0.249904  
174  0 1.44 60 0  0 1.44 60 0  0 1.44 60 0  0 1.44 60 0  
175  250.255 1.29557 79.9014 -0.0869693  250.243 1.30172 82.722 -0.666757  250.137 1.29807 84.1465 -0.466272  249.795 1.29635 89.058 0.0929615  
176  249.599 1.26424 97.5916 0.422528  249.302 1.24303 100.882 1.4137  250.421 1.26547 82.0954 -0.196956  249.765 1.27277 95.6288 0.25199  
177  249.473 1.31612 97.8932 0.5904  249.715 1.2975 89.3609 -0.0377665  250.005 1.31169 84.5036 0.0704462  249.935 1.29148 80.6292 0.0369563  
178  249.635 1.30995 95.1479 -0.0521499  250.172 1.28315 79.878 -0.0996038  250.206 1.29655 82.2941 -0.855716  250.337 1.28333 84.3374 -1.0302  
179  0 1.44 60 0  0 1.44 60 0  0 1.44 60 0  0 1.44 60 0  
180  249.954 1.27021 97.3363 0.5297  250.185 1.27306 86.3218 -0.487167  250.055 1.28081 91.5281 0.273561  249.971 1.26974 94.6734 0.225621  
181  0 1.44 60 0  0 1.44 60 0  0 1.44 60 0  0 1.44 60 0  
182  0 1.44 60 0  0 1.44 60 0  0 1.44 60 0  0 1.44 60 0  
183  249.984 1.24852 89.6856 -0.0864348  249.699 1.24129 95.4266 0.92233  249.849 1.22929 95.4288 0.160524  250.155 1.21995 83.7543 -0.175941  
184  0 1.44 60 0  0 1.44 60 0  0 1.44 60 0  0 1.44 60 0  
185  0 1.44 60 0  0 1.44 60 0  0 1.44 60 0  0 1.44 60 0  
186  250.15 1.3085 83.4493 -0.854311  250.076 1.3002 82.8359 -0.359239  249.822 1.30535 89.839 -0.109384  250.327 1.28399 81.0226 -0.264897  
187  250.139 1.30893 82.0884 -0.569658  250.046 1.30058 80.9884 -0.265333  249.665 1.30466 86.327 0.324957  249.649 1.29661 89.1408 0.117124  
188  0 1.44 60 0  0 1.44 60 0  0 1.44 60 0  0 1.44 60 0  
189  0 1.44 60 0  0 1.44 60 0  0 1.44 60 0  0 1.44 60 0  
190  0 1.44 60 0  0 1.44 60 0  0 1.44 60 0  0 1.44 60 0  
191  0 1.44 60 0  0 1.44 60 0  0 1.44 60 0  0 1.44 60 0  
192  250.106 1.26314 88.3144 0.199527  250.254 1.24639 86.1158 -0.18627  250.094 1.25564 96.1652 0.0885087  250.164 1.25693 86.6505 -0.194683  
193  249.818 1.30525 92.5991 0.118165  250.112 1.29851 83.0983 -0.31064  249.797 1.31314 97.0465 0.0702068  250.132 1.30335 82.2376 0.205754  
194  250.152 1.24095 84.6859 0.135774  250.213 1.2423 84.4833 -0.214126  249.66 1.24207 87.7518 -0.168973  249.684 1.24545 92.1447 0.643665  
195  249.819 1.25346 99.361 0.00929342  249.688 1.25706 102.07 0.757045  249.978 1.24875 105.166 -0.00532386  250.044 1.25414 89.7435 0.263095  
196  250.243 1.26095 89.0542 0.19244  250.56 1.24576 77.5725 -0.614107  249.955 1.2573 94.2889 0.500521  249.544 1.26522 99.2293 0.41899  
197  250.419 1.24734 81.3554 -0.385609  250.077 1.26292 95.4665 -0.367639  250.222 1.26579 87.2808 -0.136971  249.855 1.25213 88.8802 0.411877  
198  250.074 1.24597 91.6975 -0.124328  250.578 1.24487 78.9842 -1.2408  250.133 1.25932 88.1117 0.276376  249.831 1.23674 87.9242 0.737348  
199  249.852 1.26009 92.0328 0.200751  249.82 1.28079 86.5024 0.593898  250.147 1.27141 82.6096 -0.139196  249.69 1.26189 96.363 0.765863  
200  249.885 1.28633 85.6978 0.964149  250.033 1.29672 88.0995 -0.194278  250.128 1.28848 80.2288 0.44113  250.179 1.27057 87.2094 -0.689094  
201  249.919 1.30666 82.4328 -0.105892  249.633 1.28657 93.083 0.0236899  250.303 1.29304 74.1261 -0.0464678  250.183 1.29734 87.6821 -0.114459  
202  250.02 1.25725 91.486 0.128223  249.945 1.24774 89.6934 0.445957  250.178 1.25628 90.8742 0.150879  249.881 1.26964 88.6722 -0.0881168  
203  250.434 1.29502 76.2416 -0.275629  250.044 1.2942 89.9099 -0.319694  250.432 1.29733 75.0288 -0.667295  250.049 1.2923 91.6967 -0.229827  
204  249.917 1.27537 93.0081 -0.00913699  250.012 1.26908 89.7998 -0.290297  249.765 1.2727 90.9659 0.102955  250.152 1.27401 81.6605 -0.161909  
205  249.669 1.28311 94.2463 0.632058  249.722 1.26688 93.0686 -0.238117  250.088 1.26568 84.2949 -0.0471005  249.683 1.2616 93.4762 0.444893  
206  250.186 1.24632 80.5597 -0.387225  250.192 1.24787 87.2897 -0.038919  250.384 1.26459 84.4838 -0.39646  249.568 1.24515 97.5299 0.863942  
207  250.062 1.27793 93.6105 -0.294105  250.293 1.27585 81.1426 -0.472265  249.907 1.27904 89.6955 -0.0428147  250.272 1.27244 80.3668 -0.68818  
208  249.957 1.24716 92.3764 -0.225315  249.427 1.23426 106.909 0.940968  250.491 1.23536 78.2363 -0.465774  250.024 1.25151 90.9362 -0.0843126  
209  249.942 1.2373 86.8702 0.312483  249.833 1.23509 96.5925 -0.0660344  250.225 1.23167 78.5604 0.104716  250.404 1.23644 84.3106 -0.7692  
210  250.12 1.26779 93.0734 0.105411  249.673 1.26557 100.023 0.406803  250.347 1.27364 84.9239 -0.142159  249.36 1.26133 96.0934 1.50358  
211  250.313 1.2977 79.6547 -0.417181  250.201 1.29489 82.6264 -0.443173  249.942 1.30552 85.3832 0.18704  249.986 1.29035 85.213 -0.372118  
212  249.808 1.25934 99.9521 0.308102  249.688 1.26329 102.774 0.415154  249.993 1.26122 96.4126 0.352602  249.427 1.26312 104.367 0.961898  
213  250.543 1.24334 79.2766 -0.205647  249.932 1.23918 94.616 -0.352041  250.007 1.24822 88.7171 -0.381833  249.904 1.23106 87.8285 0.265819  
214  250.018 1.27006 88.4657 -0.271676  249.91 1.2639 99.5572 -0.118461  249.779 1.28069 93.0484 0.214594  250.008 1.26786 91.9805 -0.255824  
215  250.059 1.24875 92.2114 -0.183822  250.401 1.244 86.925 -0.837739  249.621 1.24023 89.2782 -0.450713  249.924 1.24645 93.2712 -0.17141  
216  249.707 1.28556 93.1637 0.492169  249.947 1.30924 89.8818 -0.1097  249.783 1.28871 90.1177 0.563888  249.794 1.3192 97.9738 0.0849388  
217  249.973 1.28879 83.4752 0.357184  249.846 1.28861 86.6274 0.117023  250.446 1.29542 73.5647 -0.447628  249.869 1.2877 83.5066 0.352006  
218  250.405 1.29284 78.1326 -0.0885985  250.45 1.27542 85.5862 -0.63793  250.038 1.27236 92.9098 -0.00934836  249.645 1.28423 98.0949 0.119012  
219  250.101 1.26818 88.5868 -0.24349  250.086 1.26898 87.4874 -0.322118  249.869 1.27035 88.7832 -0.310188  249.981 1.26831 88.6393 -0.24965  
220  250.086 1.2661 92.3297 -0.0365438  249.625 1.23342 91.6593 0.858581  249.89 1.2534 99.7495 0.0828727  250.019 1.24317 84.9958 -0.101871  
221  249.8 1.30665 92.8095 0.265532  249.862 1.28044 93.9075 0.469688  250.061 1.29388 85.6025 -0.0968843  250.116 1.28979 85.3184 -0.473907  
222  250.198 1.29673 78.2 -0.0657865  250.086 1.2936 79.4246 -0.24398  249.802 1.31692 92.0572 0.258264  250.162 1.29607 77.9301 -0.301672  
223  250.331 1.29376 76.2359 -0.174947  249.722 1.28869 95.112 -0.107129  250.109 1.29082 82.419 0.0866911  249.799 1.2896 93.7617 0.026147  
224  0 1.44 60 0  0 1.44 60 0  0 1.44 60 0  0 1.44 60 0  
225  0 1.44 60 0  0 1.44 60 0  0 1.44 60 0  0 1.44 60 0  
226  250.111 1.29191 78.8134 -0.249176  249.948 1.29632 84.4544 -0.103688  250.211 1.29929 76.0656 -0.791106  249.97 1.30724 83.111 0.117503  
227  0 1.44 60 0  0 1.44 60 0  0 1.44 60 0  0 1.44 60 0  
228  0 1.44 60 0  0 1.44 60 0  0 1.44 60 0  0 1.44 60 0  
229  0 1.44 60 0  0 1.44 60 0  0 1.44 60 0  0 1.44 60 0  
230  0 1.44 60 0  0 1.44 60 0  0 1.44 60 0  0 1.44 60 0  
231  0 1.44 60 0  0 1.44 60 0  0 1.44 60 0  0 1.44 60 0  
232  0 1.44 60 0  0 1.44 60 0  0 1.44 60 0  0 1.44 60 0  
233  0 1.44 60 0  0 1.44 60 0  0 1.44 60 0  0 1.44 60 0  
234  0 1.44 60 0  0 1.44 60 0  0 1.44 60 0  0 1.44 60 0  
235  0 1.44 60 0  0 1.44 60 0  0 1.44 60 0  0 1.44 60 0  
236  249.586 1.27793 97.2546 1.32007  249.823 1.28255 93.1622 0.0828289  249.933 1.28747 90.2863 0.361314  250.031 1.27722 86.3183 0.251208  
237  250.294 1.25197 81.4817 -0.0398053  250.183 1.26174 87.4772 -0.444017  249.974 1.24996 87.9195 -0.108589  250.398 1.25684 79.5955 -0.392245  
238  0 1.44 60 0  0 1.44 60 0  0 1.44 60 0  0 1.44 60 0  
239  0 1.44 60 0  0 1.44 60 0  0 1.44 60 0  0 1.44 60 0  
240  0 1.44 60 0  0 1.44 60 0  0 1.44 60 0  0 1.44 60 0  
241  0 1.44 60 0  0 1.44 60 0  0 1.44 60 0  0 1.44 60 0  
242  249.863 1.30909 85.7996 -0.274706  250.121 1.30561 80.304 0.122317  250.411 1.32638 80.0586 -0.581086  249.782 1.29812 88.9205 -0.163638  
243  249.702 1.27817 91.6591 1.10038  250.199 1.27011 80.8122 0.0942409  249.996 1.27917 83.6831 0.0231032  249.993 1.26827 87.5904 -0.50609  
244  0 1.44 60 0  0 1.44 60 0  0 1.44 60 0  0 1.44 60 0  
245  0 1.44 60 0  0 1.44 60 0  0 1.44 60 0  0 1.44 60 0  
246  249.855 1.23571 90.5778 -0.0243717  249.418 1.24544 110.043 1.0475  249.904 1.23651 89.6699 0.26809  250.123 1.24904 95.372 -0.936848  
247  0 1.44 60 0  0 1.44 60 0  0 1.44 60 0  0 1.44 60 0  
248  0 1.44 60 0  0 1.44 60 0  0 1.44 60 0  0 1.44 60 0  
249  0 1.44 60 0  0 1.44 60 0  0 1.44 60 0  0 1.44 60 0  
250  249.913 1.26753 97.7323 0.0275331  249.76 1.2844 98.719 0.256902  249.758 1.2823 87.0809 0.372316  249.555 1.26689 103.245 -0.0310217  
251  0 1.44 60 0  0 1.44 60 0  0 1.44 60 0  0 1.44 60 0  
252  0 1.44 60 0  0 1.44 60 0  0 1.44 60 0  0 1.44 60 0  
253  0 1.44 60 0  0 1.44 60 0  0 1.44 60 0  0 1.44 60 0  
254  0 1.44 60 0  0 1.44 60 0  0 1.44 60 0  0 1.44 60 0  
255  0 1.44 60 0  0 1.44 60 0  0 1.44 60 0  0 1.44 60 0  
256  250.301 1.24178 83.5386 0.106279  250.127 1.25766 83.1175 0.120759  249.48 1.25485 93.0038 0.278961  250.084 1.24632 84.6518 0.164325  
257  250.334 1.28269 78.4185 -0.0403169  249.484 1.26377 103.114 0.512795  249.798 1.25437 90.5208 -0.298112  250.03 1.2626 90.6816 -0.317333  
258  250.168 1.28537 80.8063 0.133329  250.261 1.27508 82.1974 -0.266482  250.027 1.279 84.8084 0.280794  250.053 1.28085 87.8827 -0.38428  
259  249.748 1.27489 89.1836 0.297866  250.028 1.28973 88.5387 -0.109609  249.088 1.25387 102.507 0.318838  250.076 1.26681 85.4585 0.0529951  
260  250.308 1.28496 75.1642 -0.161526  249.485 1.26244 89.388 1.14985  250.08 1.28782 82.2028 -0.0731691  250.072 1.2798 88.1857 -0.204193  
261  249.928 1.251 81.0296 -0.409966  249.556 1.24174 87.0291 1.15468  250.47 1.24688 78.3729 -0.42173  249.873 1.26108 85.6432 0.279619  
262  250.217 1.21409 89.8052 0.00863135  249.466 1.20439 96.0406 0.599209  249.723 1.22254 95.1267 -0.0105315  250.073 1.21744 97.2045 -0.986889  
263  250.162 1.24038 83.6506 0.2336  250.491 1.23358 77.8799 -0.928276  250.136 1.25561 89.4067 -0.0629728  249.843 1.2357 83.4229 0.180648  
264  249.953 1.33524 81.6869 0.0928196  250.007 1.31109 81.9921 0.253121  249.569 1.31588 89.6298 0.362135  250.35 1.32796 75.9394 -0.116203  
265  250.15 1.26886 85.979 -0.251878  250.477 1.25313 78.4663 -0.680839  250.25 1.26418 81.7255 0.142041  250.236 1.26395 82.3874 -0.521853  
266  250.193 1.26549 86.5071 0.142986  249.893 1.23872 87.2361 0.606844  250.486 1.24457 81.3052 -0.539964  249.717 1.21745 92.3299 0.0683174  
267  249.925 1.27119 82.6073 0.203393  250.039 1.2522 85.3363 0.0185813  249.886 1.24989 84.757 -0.125115  250.421 1.24573 80.0621 -0.507393  
268  249.923 1.26037 94.271 -0.0175143  249.682 1.26185 95.1908 0.374629  249.494 1.25696 92.8383 -0.0758471  249.783 1.25127 90.6056 0.544505  
269  249.472 1.25445 99.5435 0.126759  250.012 1.24081 81.593 0.223735  249.78 1.25622 92.9304 0.0362467  249.746 1.22986 90.8073 0.512358  
270  250.339 1.28521 77.526 -0.140016  250.189 1.27781 83.1235 -0.155333  250.236 1.30719 79.5571 -0.553913  250.085 1.28009 83.5388 -0.259892  
271  0 1.44 60 0  0 1.44 60 0  0 1.44 60 0  0 1.44 60 0  
272  250.382 1.24209 77.2098 0.0153172  249.757 1.22679 89.6552 -0.0452207  250.215 1.23404 95.0662 0.296831  250.108 1.22504 86.7917 -0.156545  
273  249.841 1.27419 87.4608 0.339283  249.876 1.25947 84.6722 0.544092  249.492 1.25778 93.6143 0.829508  249.643 1.25426 88.3623 0.455462  
274  249.559 1.25215 100.072 -0.12389  250.179 1.22495 86.7619 -0.301897  250.203 1.23956 89.2655 0.181409  250.181 1.22748 80.8565 -0.0423908  
275  0 1.44 60 0  0 1.44 60 0  0 1.44 60 0  0 1.44 60 0  
276  250.465 1.24606 75.2805 -0.205191  249.674 1.26391 95.4012 0.344345  249.606 1.25483 93.8575 -0.0957217  250.342 1.26177 83.8692 -0.796266  
277  0 1.44 60 0  0 1.44 60 0  0 1.44 60 0  0 1.44 60 0  
278  0 1.44 60 0  0 1.44 60 0  0 1.44 60 0  0 1.44 60 0  
279  0 1.44 60 0  0 1.44 60 0  0 1.44 60 0  0 1.44 60 0  
280  249.735 1.27151 92.0042 0.0822107  249.763 1.24764 92.9122 0.300301  249.727 1.27307 90.4444 0.339251  249.689 1.25495 89.9419 0.317418  
281  0 1.44 60 0  0 1.44 60 0  0 1.44 60 0  0 1.44 60 0  
282  250.274 1.28688 78.399 -0.257094  249.586 1.2844 99.6998 0.663799  249.869 1.30268 91.8512 -0.0550651  250.049 1.29003 81.2316 -0.00490519  
283  249.688 1.30568 89.1569 0.332569  249.658 1.29682 95.824 -0.062941  250.09 1.28028 83.3717 0.268968  250.148 1.2891 87.2128 0.224422  
284  250.715 1.24165 78.6003 0.230941  249.902 1.2268 96.3854 0.0814657  249.965 1.23752 94.7784 0.67343  250.594 1.22593 82.7265 -0.743902  
285  249.74 1.23408 87.3662 0.0655919  250.066 1.22792 92.3509 -0.39823  249.977 1.23602 87.3423 0.0766606  249.67 1.21531 95.7975 0.258377  
286  250.186 1.26868 84.6692 -0.467784  249.547 1.2642 93.0045 0.259952  250.125 1.24876 83.2726 0.0394451  250.312 1.24576 84.6631 -0.630955  
287  249.647 1.23125 95.4285 0.321871  250.373 1.23324 82.9252 -0.946856  249.813 1.23191 95.546 0.310249  250.375 1.22316 85.473 -0.549432  
288  0 1.44 60 0  0 1.44 60 0  0 1.44 60 0  0 1.44 60 0  
289  0 1.44 60 0  0 1.44 60 0  0 1.44 60 0  0 1.44 60 0  
290  0 1.44 60 0  0 1.44 60 0  0 1.44 60 0  0 1.44 60 0  
291  0 1.44 60 0  0 1.44 60 0  0 1.44 60 0  0 1.44 60 0  
292  0 1.44 60 0  0 1.44 60 0  0 1.44 60 0  0 1.44 60 0  
293  0 1.44 60 0  0 1.44 60 0  0 1.44 60 0  0 1.44 60 0  
294  0 1.44 60 0  0 1.44 60 0  0 1.44 60 0  0 1.44 60 0  
295  0 1.44 60 0  0 1.44 60 0  0 1.44 60 0  0 1.44 60 0  
296  0 1.44 60 0  0 1.44 60 0  0 1.44 60 0  0 1.44 60 0  
297  0 1.44 60 0  0 1.44 60 0  0 1.44 60 0  0 1.44 60 0  
298  0 1.44 60 0  0 1.44 60 0  0 1.44 60 0  0 1.44 60 0  
299  0 1.44 60 0  0 1.44 60 0  0 1.44 60 0  0 1.44 60 0  
300  0 1.44 60 0  0 1.44 60 0  0 1.44 60 0  0 1.44 60 0  
301  0 1.44 60 0  0 1.44 60 0  0 1.44 60 0  0 1.44 60 0  
302  0 1.44 60 0  0 1.44 60 0  0 1.44 60 0  0 1.44 60 0  
303  0 1.44 60 0  0 1.44 60 0  0 1.44 60 0  0 1.44 60 0  
304  0 1.44 60 0  0 1.44 60 0  0 1.44 60 0  0 1.44 60 0  
305  0 1.44 60 0  0 1.44 60 0  0 1.44 60 0  0 1.44 60 0  
306  0 1.44 60 0  0 1.44 60 0  0 1.44 60 0  0 1.44 60 0  
307  249.54 1.28176 97.7452 0.0799204  250.378 1.27743 77.5324 -0.338989  249.997 1.29578 82.4908 -0.213833  250.152 1.27988 83.4142 0.173166  
308  0 1.44 60 0  0 1.44 60 0  0 1.44 60 0  0 1.44 60 0  
309  0 1.44 60 0  0 1.44 60 0  0 1.44 60 0  0 1.44 60 0  
310  0 1.44 60 0  0 1.44 60 0  0 1.44 60 0  0 1.44 60 0  
311  0 1.44 60 0  0 1.44 60 0  0 1.44 60 0  0 1.44 60 0  
312  0 1.44 60 0  0 1.44 60 0  0 1.44 60 0  0 1.44 60 0  
313  0 1.44 60 0  0 1.44 60 0  0 1.44 60 0  0 1.44 60 0  
314  0 1.44 60 0  0 1.44 60 0  0 1.44 60 0  0 1.44 60 0  
315  250.472 1.29252 79.9473 -0.33773  250.162 1.27664 86.1076 0.064003  250.415 1.27432 79.2891 -0.149517  249.867 1.28272 92.6908 -0.10549  
316  0 1.44 60 0  0 1.44 60 0  0 1.44 60 0  0 1.44 60 0  
317  0 1.44 60 0  0 1.44 60 0  0 1.44 60 0  0 1.44 60 0  
318  0 1.44 60 0  0 1.44 60 0  0 1.44 60 0  0 1.44 60 0  
319  0 1.44 60 0  0 1.44 60 0  0 1.44 60 0  0 1.44 60 0  
320  249.883 1.27667 83.1268 -0.258941  249.996 1.26955 83.3581 0.361213  249.33 1.27382 100.87 0.306961  249.979 1.25932 93.9228 -0.512519  
321  249.954 1.24905 89.0175 -0.353662  249.73 1.23393 94.0391 0.331988  250.389 1.24392 81.229 -0.320245  250.072 1.2373 83.6313 0.0942402  
322  250.348 1.33406 79.9092 -0.405449  249.698 1.3162 88.4045 0.28619  249.16 1.30389 94.9094 0.497678  249.981 1.32344 90.5399 0.202446  
323  249.166 1.32477 105.939 1.06567  250.033 1.3105 90.7776 0.130173  250.038 1.30447 81.4583 -0.0233554  249.996 1.3197 86.2176 -0.0517978  
324  249.959 1.25927 96.0224 0.165287  250.199 1.26446 86.7142 -0.113132  249.785 1.27761 98.0162 0.555693  249.954 1.25926 96.5824 -0.103577  
325  249.833 1.28341 88.0438 0.205379  249.759 1.27627 98.9724 0.477763  249.759 1.27834 98.012 0.531052  249.704 1.29611 102.318 0.184892  
326  250.265 1.27241 79.1246 -0.423912  250.49 1.26547 78.7856 -0.497403  250.374 1.26265 86.2295 -0.0891249  250.265 1.28254 84.4469 -0.321358  
327  249.966 1.25864 94.36 0.0506935  249.936 1.26009 90.0771 0.029695  249.69 1.25189 92.3381 -0.064515  249.698 1.25503 101.362 0.358019  
328  250.276 1.2921 82.4376 -0.0827742  250.013 1.28951 89.5884 0.192155  250.125 1.28913 84.4681 0.047951  249.855 1.291 94.5878 0.494244  
329  249.942 1.32065 89.6463 0.0492647  250.329 1.30618 83.5899 -0.0835661  250.141 1.31388 84.219 0.402476  250.21 1.30608 81.7704 -0.476044  
330  249.798 1.25148 92.9841 0.108995  250.254 1.22184 84.1296 -0.585778  250.415 1.24309 80.9646 -0.295838  250.317 1.24542 87.038 -0.292823  
331  250.15 1.26206 83.7672 0.41657  249.847 1.26728 93.9431 0.0272423  250.114 1.26705 90.0545 0.0212734  249.818 1.25531 96.7675 0.519376  
332  250.099 1.27575 85.583 -0.385953  249.609 1.27234 94.6926 0.609078  250.429 1.26284 84.8699 -0.0879595  249.99 1.2694 87.5612 -0.0868823  
333  250.017 1.25535 85.7342 0.226167  250.268 1.24599 89.0847 -0.110788  250.215 1.26323 83.9229 -0.0949128  249.66 1.25151 102.31 0.824435  
334  249.801 1.25697 100.727 0.445718  250.32 1.26634 83.9226 -0.248871  249.91 1.25496 97.2553 0.130561  250.115 1.26334 87.5535 -0.260756  
335  250.165 1.27036 78.7836 -0.300168  249.955 1.29053 90.0013 0.286413  250.182 1.2838 87.1399 0.23567  250.36 1.27593 78.6911 -0.356496  
336  250.181 1.29248 81.5779 -0.177684  249.761 1.29794 91.5894 0.358864  250.111 1.29684 79.259 -0.606563  250.075 1.2815 85.1423 -0.265192  
337  249.881 1.32242 88.4532 0.258984  249.683 1.31916 86.1401 -0.231316  250.136 1.32879 82.8491 -0.26879  250.145 1.29952 85.0322 -0.233199  
338  249.839 1.25853 101.47 0.546833  249.747 1.25811 98.9824 -0.0195278  250.107 1.26406 92.467 0.0404835  250.086 1.27236 82.0413 -0.068236  
339  250.207 1.29177 81.7586 0.00655455  250.173 1.28932 82.8861 -0.0524664  250.281 1.28315 85.7955 0.165955  250.015 1.28386 85.0498 0.104922  
340  250.363 1.29381 82.2909 -0.337803  249.598 1.31196 97.7863 0.832326  249.917 1.29947 88.7319 -0.149447  249.839 1.29707 99.381 0.262471  
341  249.635 1.28745 97.9041 0.918637  249.766 1.25273 95.6448 0.595585  250.333 1.29229 79.2413 -0.126148  249.766 1.25651 97.5867 0.181878  
342  250.106 1.24328 90.3779 -0.0774048  250.332 1.26567 82.8168 -0.164769  249.987 1.24845 89.1575 -0.354277  249.685 1.25087 97.0417 0.731678  
343  249.639 1.23284 107.911 0.222493  250.031 1.23974 95.4993 -0.285657  250.22 1.23801 91.3553 -0.124021  250.169 1.24185 88.9161 -0.366543  
344  250.06 1.24842 88.6938 -0.287126  249.723 1.25371 101.193 0.450681  249.981 1.2599 98.9147 0.14222  250.147 1.23923 88.0169 -0.150654  
345  250.269 1.22598 90.82 -0.34253  249.87 1.23089 95.3653 0.38052  249.981 1.23427 93.6609 0.0208405  250.089 1.22847 88.6422 -0.196199  
346  250.003 1.23012 88.8554 -0.121586  250.421 1.21724 85.7164 -1.0894  249.798 1.21843 94.4028 -0.18929  249.934 1.22294 87.1851 0.314965  
347  249.986 1.27456 83.5942 -0.362308  250.194 1.26763 86.5507 -0.029131  249.44 1.27394 104.799 0.166323  250.131 1.27663 79.9869 -0.158896  
348  249.951 1.30456 81.606 -0.131943  249.871 1.29656 89.7122 0.25473  250.416 1.31473 79.0103 -0.612215  249.487 1.29317 98.9317 0.934636  
349  250.418 1.2961 79.2216 -0.674832  250.149 1.294 86.0577 -0.144191  250.151 1.28016 95.8433 0.399921  250.136 1.29336 91.4714 -0.0122921  
350  0 1.44 60 0  0 1.44 60 0  0 1.44 60 0  0 1.44 60 0  
351  249.623 1.28303 97.985 0.145769  249.933 1.26789 83.4751 0.471313  250.125 1.26567 86.8094 -0.217705  250.134 1.27362 83.7066 -0.336459  
352  250.223 1.3401 71.2069 -0.198024  249.912 1.33195 75.996 0.14846  250.208 1.3275 71.6383 -0.182317  250.43 1.33342 67.7912 0.0546623  
353  249.653 1.27315 108.614 0.189256  250.011 1.26847 90.3228 -0.283654  250.365 1.29391 80.3576 -0.229581  249.623 1.28578 111.907 0.491823  
354  249.962 1.31053 88.3003 0.271886  249.63 1.3033 99.5133 0.503446  249.64 1.3023 100.942 0.162053  249.921 1.31461 94.6816 0.246764  
355  250.063 1.33659 83.3893 0.000787799  250.007 1.33036 89.0296 -0.288131  250.133 1.3244 87.3062 -0.40794  250.074 1.32902 80.0317 -0.460695  
356  250.231 1.24021 94.2207 0.398087  250.091 1.23749 94.9558 0.20859  249.436 1.26245 107.33 -0.041294  249.942 1.24738 99.9407 0.457807  
357  249.712 1.25674 104.126 0.504119  250.093 1.25002 97.7795 -0.501288  250.053 1.24153 98.0038 0.330436  250.038 1.24466 95.994 0.108728  
358  249.787 1.27865 92.384 0.827244  250.056 1.29492 87.3302 0.00327744  250.636 1.29674 74.9305 -0.930016  250.079 1.29044 92.8642 -0.14704  
359  249.563 1.27164 105.598 -0.0971373  249.484 1.28695 107.779 0.212901  249.966 1.26999 99.7891 0.130598  250.068 1.27909 91.7821 0.510399  
360  250.525 1.24615 82.633 -0.44024  250.294 1.25645 87.9239 -0.281404  250.09 1.25197 83.9564 -0.266737  249.698 1.24773 95.473 0.934806  
361  250.383 1.29245 75.1008 -0.669258  250.372 1.27289 79.6126 -0.539731  249.703 1.30386 97.9973 0.216278  250.293 1.29886 77.1211 -0.500007  
362  250.541 1.28307 75.5159 0.146562  250.065 1.28874 90.4109 -0.280525  250.105 1.28981 88.0046 -0.173459  249.909 1.2966 84.5582 -0.153008  
363  250.068 1.29947 78.666 -0.51897  250.03 1.26919 90.6072 -0.206694  250.032 1.28933 85.5331 0.424106  250.15 1.26806 86.6335 -0.171557  
364  250.209 1.31883 78.7545 -0.575675  249.973 1.30975 80.7661 -0.0226131  249.982 1.30563 72.7882 0.188025  250.362 1.32857 71.4619 -0.400191  
365  250.298 1.29343 76.3213 -0.591987  250.233 1.31183 88.4058 -0.376871  249.693 1.30448 95.776 0.419198  250.318 1.30744 88.0679 0.077887  
366  249.662 1.27075 99.4405 -0.131092  250.169 1.27763 86.0228 0.164946  249.936 1.28947 92.8966 0.507486  249.562 1.28462 103.934 0.531539  
367  249.771 1.30555 94.6054 0.046247  249.859 1.30826 91.5724 -0.216203  249.9 1.30905 88.1172 0.0282972  250.091 1.3093 88.6529 0.293307  
368  249.782 1.257 98.3127 0.384712  249.941 1.26086 96.3436 0.25161  250.017 1.27992 97.9176 -0.136489  250.088 1.26028 96.8421 -0.550724  
369  250.174 1.26172 94.3314 -0.0166912  250.096 1.2593 91.964 0.223446  249.865 1.2371 103.43 0.118961  249.858 1.25588 104.001 0.139445  
370  250.132 1.29114 80.4717 0.119916  250.266 1.29407 84.3703 -0.404632  249.885 1.2885 95.2101 0.492645  249.909 1.30597 92.9103 0.353944  
371  250.074 1.28441 82.8306 0.380368  250.426 1.27579 81.9917 -0.554157  249.934 1.28794 90.297 0.195759  249.628 1.28645 94.8231 0.218517  
372  249.63 1.27206 106.711 -0.0256123  249.914 1.2822 85.8427 0.407517  249.978 1.29429 88.9121 -0.0298501  249.794 1.2879 98.6518 0.126708  
373  249.721 1.27376 104.104 0.111235  250.419 1.29415 87.9395 -0.469616  250.043 1.29864 89.1963 -0.256386  249.588 1.31328 101.706 0.778582  
374  249.704 1.2763 101.257 0.536006  250.05 1.28781 88.6779 -0.379632  249.919 1.2819 94.1571 0.0476311  249.869 1.27281 92.416 0.317941  
375  249.462 1.21404 99.3717 0.36593  249.733 1.22353 98.5681 0.46317  250.109 1.22847 88.7943 -0.32507  250.494 1.21207 87.019 -0.918295  
376  250.029 1.30797 83.2309 -0.00816293  249.631 1.30201 90.2561 0.80505  250.181 1.29389 86.1829 0.0207192  250.126 1.29965 81.5163 0.0753796  
377  249.885 1.32971 93.4839 0.401786  249.979 1.33082 93.5147 -0.00853706  250.241 1.31717 81.373 -0.503401  249.693 1.31499 93.4831 0.157487  
378  250.258 1.29383 75.0301 -0.551223  250.244 1.29468 82.9887 -0.272626  250.2 1.29931 85.8533 -0.682306  250.322 1.27534 82.0969 -0.431277  
379  249.509 1.25581 94.2202 0.412623  250.071 1.27083 89.023 -0.257261  249.986 1.25655 81.0283 -0.293481  249.665 1.2546 100.697 0.298251  
380  249.806 1.27066 94.734 -0.0289391  249.841 1.24377 95.3137 0.218563  250.037 1.2896 84.6132 0.304034  250.196 1.26679 84.1276 -0.557757  
381  250.346 1.26082 82.2955 -0.0856238  250.018 1.26282 92.6956 0.0169821  249.75 1.26702 100.85 0.463597  249.332 1.25521 100.393 1.15532  
382  250.145 1.26184 84.926 0.101715  250.143 1.26959 88.5342 -0.740642  250.119 1.28858 81.226 0.200179  250.241 1.26891 82.1796 -0.644419  
383  249.49 1.30439 90.7286 0.277654  249.652 1.28594 90.5299 0.304068  250.205 1.29127 84.9845 0.0297098  250.243 1.29697 80.3855 -0.43927  
384  249.784 1.2788 91.557 0.763254  249.807 1.26233 96.8266 0.345383  250.158 1.259 86.8794 -0.150093  250.18 1.26335 84.8055 -0.133431  
385  249.142 1.27497 98.9913 0.978894  249.444 1.28618 89.07 0.0931918  249.994 1.27659 86.3897 0.182387  249.747 1.28121 88.63 0.166363  
386  249.795 1.27121 99.8627 0.191638  249.562 1.28628 87.7762 0.243872  250.239 1.27273 92.746 0.159381  249.955 1.26841 90.2168 0.068733  
387  250.253 1.26658 83.9939 -0.339656  250.181 1.27189 85.1142 -0.354598  249.946 1.26989 93.8947 0.100229  250.135 1.26772 87.6329 0.0690899  
388  250.343 1.2873 78.5533 -0.577019  249.955 1.2872 92.2602 0.0840502  249.895 1.28145 90.8969 -0.199848  249.885 1.28045 94.4741 -0.108709  
389  250.148 1.28692 82.3237 -0.292733  249.825 1.26098 97.9752 0.400221  250.52 1.27415 82.6613 -0.187125  249.834 1.27675 90.8808 0.135816  
390  250.271 1.2685 81.3557 -0.69184  250.132 1.25828 85.8809 -0.010459  250.102 1.25671 96.5459 0.101094  250.006 1.25689 85.4849 -0.241158  
391  250.375 1.28428 80.9494 -0.100476  249.927 1.2823 93.4307 0.232274  250.063 1.3059 80.2505 -0.436905  250.068 1.28737 85.8127 -0.173197  
392  249.676 1.29317 86.928 0.336243  249.89 1.28813 90.1079 -0.0203634  250.241 1.29384 76.131 0.142053  250.203 1.28726 82.7145 -0.240728  
393  249.86 1.31111 93.7393 -0.16764  249.92 1.29066 90.8718 -0.609444  250.316 1.30766 82.4332 -0.815005  250.167 1.28282 84.4064 -0.520892  
394  249.577 1.25085 94.0343 -0.20933  249.763 1.24849 100.062 -0.0909609  249.796 1.23851 90.2746 -0.223249  249.97 1.23324 94.9124 -0.0147588  
395  249.899 1.29173 88.5462 -0.102266  249.982 1.28217 81.4173 -0.302463  250.121 1.27983 82.2254 -0.181943  250.12 1.29607 82.5517 0.204758  
396  249.516 1.27507 93.7235 0.660919  250.07 1.27485 86.391 -0.249034  249.958 1.27271 91.2323 0.140697  249.797 1.2773 93.5896 -0.0574822  
397  250.242 1.24375 89.6029 0.162244  249.983 1.23751 87.2717 0.231002  250.277 1.2237 81.0997 -0.220763  250.294 1.24349 86.5268 -0.629345  
398  250.151 1.24812 90.5417 -0.353372  249.761 1.24602 105.043 -0.156917  249.484 1.24455 102.749 0.0858931  250.277 1.24495 90.0642 -0.850045  
399  249.849 1.25106 98.1808 -0.0417107  250.119 1.27296 88.5719 -0.0751991  250.018 1.23318 82.7674 -0.0737591  250.208 1.24126 89.4874 -0.554334  
400  250.042 1.29134 80.4296 -0.16131  249.969 1.28006 91.5027 0.259275  249.857 1.28036 89.9928 0.279259  250.124 1.28701 84.3114 -0.369592  
401  250.278 1.26629 83.9643 -0.343399  249.677 1.24681 108.884 -0.0340124  250.234 1.25041 98.3419 0.351259  250.174 1.24816 87.1169 -0.38665  
402  250.027 1.30111 84.5864 0.420371  249.829 1.28412 89.0566 0.2816  249.991 1.3031 81.4657 -0.0885462  250.206 1.28408 80.4198 -0.37994  
403  249.918 1.27009 95.0673 -0.43911  250.093 1.26232 93.0368 -0.228617  249.652 1.26202 95.2424 0.0323811  250.277 1.26177 85.2834 -0.514564  
404  249.863 1.29452 87.168 0.0376658  249.957 1.27952 84.7691 0.166365  250.174 1.27118 90.3036 0.140809  250.041 1.26461 83.232 0.183062  
405  249.431 1.29394 102.485 0.478422  250.04 1.29204 85.2734 -0.231048  250.181 1.27628 80.9128 -0.128148  250.092 1.29326 84.8663 0.125143  
406  250.416 1.24487 78.8243 -0.200976  249.823 1.2408 90.1875 0.611278  249.845 1.24448 91.1315 0.192465  249.911 1.24395 90.5874 0.0382784  
407  249.951 1.25708 91.9634 0.2818  250.17 1.25083 90.6433 -0.381447  249.867 1.24884 98.9783 0.164116  250.062 1.25852 86.9109 -0.0184772  
408  249.818 1.31359 85.8509 0.313402  250.063 1.30255 86.8283 -0.132185  250.164 1.29508 79.01 -0.130069  249.51 1.30582 102.233 0.17467  
409  250.105 1.30863 83.7539 -0.434726  249.806 1.31819 87.1254 -0.131777  249.6 1.31349 98.7678 0.275396  249.792 1.30064 90.3213 0.545775  
410  250.054 1.26063 95.083 0.250908  249.696 1.26653 104.451 -0.00290914  249.97 1.25838 95.1029 -0.263265  249.952 1.27146 94.4228 0.0208499  
411  249.281 1.2119 99.7792 -0.0855179  249.937 1.20619 92.6021 0.305748  250.557 1.22199 83.2626 0.371032  249.797 1.19619 89.5729 0.591791  
412  249.483 1.27487 104.348 0.750486  249.324 1.26354 104.179 1.2465  249.997 1.26986 95.759 0.122516  249.707 1.27127 98.6082 0.755536  
413  249.919 1.25907 92.9248 0.300121  249.409 1.24609 108.438 0.908685  250.099 1.25597 91.6172 -0.0941008  249.539 1.23323 97.013 0.877209  
414  250.285 1.30702 81.3738 -0.343052  250.121 1.29286 85.5574 -0.305776  249.974 1.29629 86.0117 -0.0203294  250.195 1.28645 85.4624 -0.533306  
415  250.262 1.26126 85.5278 0.0122731  249.976 1.26569 98.4295 -0.362094  249.903 1.26953 96.703 0.0387015  250.328 1.26282 87.9508 -0.802838  
416  0 1.44 60 0  0 1.44 60 0  0 1.44 60 0  0 1.44 60 0  
417  249.934 1.25824 90.8167 -0.191672  250.03 1.2593 95.6597 -0.574003  249.639 1.25471 92.0428 0.189249  249.579 1.2547 98.1157 0.367799  
418  0 1.44 60 0  0 1.44 60 0  0 1.44 60 0  0 1.44 60 0  
419  250.011 1.2791 88.5876 0.114345  249.516 1.30329 94.2178 0.538428  250.317 1.29354 79.4157 -0.257307  250.018 1.29243 91.3532 -0.340902  
420  0 1.44 60 0  0 1.44 60 0  0 1.44 60 0  0 1.44 60 0  
421  0 1.44 60 0  0 1.44 60 0  0 1.44 60 0  0 1.44 60 0  
422  0 1.44 60 0  0 1.44 60 0  0 1.44 60 0  0 1.44 60 0  
423  0 1.44 60 0  0 1.44 60 0  0 1.44 60 0  0 1.44 60 0  
424  0 1.44 60 0  0 1.44 60 0  0 1.44 60 0  0 1.44 60 0  
425  250.01 1.27652 90.24 -0.0151689  249.539 1.27201 101.396 1.22657  250.294 1.26485 83.7665 -0.123913  250.328 1.2672 84.068 -0.0352455  
426  249.451 1.30765 95.6398 0.578541  249.774 1.30225 86.0392 0.351492  249.997 1.30163 80.8358 -0.393937  250.328 1.31148 74.3568 -0.102637  
427  0 1.44 60 0  0 1.44 60 0  0 1.44 60 0  0 1.44 60 0  
428  0 1.44 60 0  0 1.44 60 0  0 1.44 60 0  0 1.44 60 0  
429  250.014 1.27533 87.0132 0.255873  249.938 1.27272 87.6694 0.388004  250.136 1.26999 82.2226 -0.509863  249.868 1.27407 88.1939 0.391741  
430  249.88 1.32065 91.8356 -0.161989  250.311 1.31405 76.8902 -0.383343  250.063 1.31959 85.4848 -0.584714  250.023 1.31954 84.8707 0.450545  
431  250.126 1.30013 82.138 -0.619941  249.955 1.29991 78.8098 -0.0900876  249.94 1.30835 82.2518 0.0866481  250.113 1.28305 87.7472 -0.354755  
432  250.124 1.27051 82.7047 -0.0862793  250.378 1.2635 82.2181 -0.730786  250.304 1.26419 79.7436 -0.0125841  250.485 1.26481 79.7876 -0.71201  
433  250.107 1.30123 87.4162 -0.157301  250.072 1.28876 86.108 -0.257544  249.652 1.28178 94.7351 0.632668  249.981 1.29231 87.8107 0.16347  
434  249.981 1.26133 95.317 -0.119386  250.239 1.26629 87.1943 -0.145702  249.528 1.27698 106.656 0.419027  250.073 1.27233 96.6271 -0.131501  
435  0 1.44 60 0  0 1.44 60 0  0 1.44 60 0  0 1.44 60 0  
436  250.074 1.25176 93.4313 -0.0229922  250.139 1.24046 84.6521 -0.398636  250.071 1.24891 87.0305 -0.12839  249.866 1.24491 88.1295 0.444224  
437  249.952 1.29087 87.3927 0.435063  249.947 1.28906 86.1297 -0.125271  249.795 1.28681 94.3434 0.584154  250.095 1.26789 89.5037 -0.0913203  
438  249.822 1.24096 94.9207 -0.225128  249.878 1.25229 102.194 0.230651  249.459 1.2546 96.1095 0.553816  250.061 1.23922 86.2133 -0.202895  
439  249.927 1.26055 90.3751 -0.238726  249.754 1.23822 98.3522 0.401403  249.952 1.25745 84.9906 0.208603  250.414 1.26393 86.7987 -0.640507  
440  249.9 1.28614 88.0528 0.407858  250.018 1.25763 91.4846 0.0281669  249.716 1.27414 99.3065 0.306233  249.798 1.27528 90.9592 0.233017  
441  249.478 1.30234 94.6246 -0.0533144  250.2 1.29206 86.9264 -0.356124  249.772 1.28648 94.577 0.49462  250.172 1.30193 80.8184 -0.649754  
442  249.618 1.30168 86.7962 -0.108677  250.128 1.27805 94.4876 0.0566139  249.825 1.28182 93.1349 0.447257  250.341 1.28488 84.2221 -0.584394  
443  0 1.44 60 0  0 1.44 60 0  0 1.44 60 0  0 1.44 60 0  
444  0 1.44 60 0  0 1.44 60 0  0 1.44 60 0  0 1.44 60 0  
445  249.75 1.30641 93.176 0.213486  250.135 1.29902 86.6867 0.219231  249.954 1.30806 87.5708 0.0485455  249.723 1.29559 99.3106 0.354685  
446  0 1.44 60 0  0 1.44 60 0  0 1.44 60 0  0 1.44 60 0  
447  0 1.44 60 0  0 1.44 60 0  0 1.44 60 0  0 1.44 60 0  
448  0 1.44 60 0  0 1.44 60 0  0 1.44 60 0  0 1.44 60 0  
449  0 1.44 60 0  0 1.44 60 0  0 1.44 60 0  0 1.44 60 0  
450  0 1.44 60 0  0 1.44 60 0  0 1.44 60 0  0 1.44 60 0  
451  0 1.44 60 0  0 1.44 60 0  0 1.44 60 0  0 1.44 60 0  
452  0 1.44 60 0  0 1.44 60 0  0 1.44 60 0  0 1.44 60 0  
453  0 1.44 60 0  0 1.44 60 0  0 1.44 60 0  0 1.44 60 0  
454  0 1.44 60 0  0 1.44 60 0  0 1.44 60 0  0 1.44 60 0  
455  0 1.44 60 0  0 1.44 60 0  0 1.44 60 0  0 1.44 60 0  
456  0 1.44 60 0  0 1.44 60 0  0 1.44 60 0  0 1.44 60 0  
457  0 1.44 60 0  0 1.44 60 0  0 1.44 60 0  0 1.44 60 0  
458  250.379 1.32698 75.9502 -0.734719  250.201 1.30686 84.0604 -0.119011  250.334 1.3273 77.3946 -0.721705  249.947 1.31486 88.2637 0.452857  
459  250.088 1.29314 81.0506 -0.0287285  249.742 1.27304 94.1043 0.266081  250.181 1.27785 82.4469 -0.270233  250.111 1.27939 82.4 -0.264174  
460  249.602 1.25197 90.9689 -0.284484  249.866 1.25033 98.2637 0.0585989  249.682 1.26391 88.5333 0.116503  250.165 1.25171 81.385 -0.158611  
461  0 1.44 60 0  0 1.44 60 0  0 1.44 60 0  0 1.44 60 0  
462  249.961 1.2376 92.3229 0.0914232  249.969 1.2484 95.5044 0.0671045  249.372 1.24467 102.308 0.31941  250.158 1.25319 83.4271 -0.061957  
463  249.863 1.29503 78.8538 0.0961246  250.185 1.30322 79.7922 -0.213347  249.154 1.2949 97.3984 1.12237  250.065 1.27568 86.5729 -0.138958  
464  250.239 1.2464 87.374 -0.193854  249.971 1.24137 92.0305 0.274372  249.736 1.24348 97.7794 0.205237  250.18 1.2444 90.3699 -0.462765  
465  250.201 1.30265 83.3037 0.021228  249.676 1.2768 99.1105 0.272615  249.92 1.29113 99.3016 0.212727  250.385 1.29402 80.5046 -0.637684  
466  250.016 1.27755 82.8697 0.15054  250.043 1.28259 86.6278 -0.0560467  249.938 1.26945 90.0872 0.345438  249.823 1.26702 91.5288 -0.130176  
467  0 1.44 60 0  0 1.44 60 0  0 1.44 60 0  0 1.44 60 0  
468  0 1.44 60 0  0 1.44 60 0  0 1.44 60 0  0 1.44 60 0  
469  0 1.44 60 0  0 1.44 60 0  0 1.44 60 0  0 1.44 60 0  
470  0 1.44 60 0  0 1.44 60 0  0 1.44 60 0  0 1.44 60 0  
471  0 1.44 60 0  0 1.44 60 0  0 1.44 60 0  0 1.44 60 0  
472  0 1.44 60 0  0 1.44 60 0  0 1.44 60 0  0 1.44 60 0  
473  0 1.44 60 0  0 1.44 60 0  0 1.44 60 0  0 1.44 60 0  
474  0 1.44 60 0  0 1.44 60 0  0 1.44 60 0  0 1.44 60 0  
475  0 1.44 60 0  0 1.44 60 0  0 1.44 60 0  0 1.44 60 0  
476  0 1.44 60 0  0 1.44 60 0  0 1.44 60 0  0 1.44 60 0  
477  249.903 1.26726 95.2771 0.235358  249.687 1.27653 89.8079 0.428575  249.963 1.28112 88.8954 -0.119836  249.829 1.26634 91.3855 0.238201  
478  0 1.44 60 0  0 1.44 60 0  0 1.44 60 0  0 1.44 60 0  
479  0 1.44 60 0  0 1.44 60 0  0 1.44 60 0  0 1.44 60 0  
480  0 1.44 60 0  0 1.44 60 0  0 1.44 60 0  0 1.44 60 0  
481  0 1.44 60 0  0 1.44 60 0  0 1.44 60 0  0 1.44 60 0  
482  0 1.44 60 0  0 1.44 60 0  0 1.44 60 0  0 1.44 60 0  
483  0 1.44 60 0  0 1.44 60 0  0 1.44 60 0  0 1.44 60 0  
484  0 1.44 60 0  0 1.44 60 0  0 1.44 60 0  0 1.44 60 0  
485  0 1.44 60 0  0 1.44 60 0  0 1.44 60 0  0 1.44 60 0  
486  0 1.44 60 0  0 1.44 60 0  0 1.44 60 0  0 1.44 60 0  
487  250.228 1.33095 80.082 -0.144625  249.894 1.33545 87.0227 -0.17884  249.954 1.32235 82.9131 0.1247  249.815 1.33494 89.9611 -0.177623  
488  249.904 1.29109 86.082 -0.290183  250.04 1.29986 89.5957 -0.200007  249.957 1.29245 92.3096 -0.127343  249.935 1.2906 87.9579 0.446785  
489  249.874 1.2957 80.3049 0.253125  250.065 1.28821 88.2068 -0.295655  249.98 1.28937 88.1197 0.355236  250.245 1.28485 83.2892 -0.718815  
490  249.999 1.29013 82.9365 -0.319827  250.04 1.29595 83.4395 -0.34274  250.139 1.27932 84.3643 -0.130009  249.965 1.29085 86.9667 -0.072484  
491  249.943 1.29121 76.7081 -0.36002  249.998 1.29885 81.9134 -0.388219  250.158 1.27879 80.941 -0.317941  250.073 1.30158 84.5905 -0.130293  
492  250.481 1.28596 76.4812 -0.573423  249.914 1.26756 85.8272 -0.656522  250.036 1.26852 84.8291 0.380752  250.09 1.29107 85.8837 0.290579  
493  249.793 1.27245 96.1796 0.198765  249.818 1.29045 90.9808 0.478552  250.078 1.28082 84.6339 -0.229575  250.116 1.30111 83.1723 -0.536669  
494  249.977 1.30636 79.4948 0.154164  250.313 1.30083 79.0805 -0.343335  250.107 1.31123 73.5503 0.366384  250.22 1.30755 84.8426 0.276042  
495  249.898 1.26149 91.4921 -0.213415  250.011 1.27532 83.3757 0.200962  250.053 1.26749 85.7217 0.4138  249.566 1.27254 101.696 0.683258  
496  0 1.44 60 0  0 1.44 60 0  0 1.44 60 0  0 1.44 60 0  
497  250.023 1.25962 90.2921 -0.138086  249.923 1.28159 90.4514 0.497894  249.916 1.26144 93.0787 0.383518  249.725 1.27539 92.9553 0.195711  
498  249.338 1.29464 91.3087 0.502206  250.264 1.30122 81.9401 -0.261092  250.133 1.30814 77.7444 -0.0817218  250.121 1.30305 79.1512 -0.189706  
499  250.253 1.28638 80.7857 -0.489798  249.86 1.29632 96.1954 -0.0852727  250.036 1.28116 80.6493 -0.559701  249.95 1.29326 92.992 0.33694  
500  250.146 1.25031 91.5061 0.154726  250.039 1.25264 91.556 -0.0110331  249.642 1.2463 97.1329 0.0921174  250.022 1.26812 97.1122 0.102264  
501  249.78 1.27838 96.1513 0.611029  249.975 1.28971 95.8702 -0.0455976  250.19 1.29683 81.3316 -0.179685  250.003 1.27348 91.4483 -0.10196  
502  249.509 1.26496 107.375 0.340558  250.084 1.28139 89.8939 0.0244837  249.901 1.25645 98.5822 0.115865  250.116 1.25987 86.602 0.0559439  
503  249.892 1.29651 80.8978 0.31139  249.929 1.29881 90.5257 -0.102919  249.994 1.29339 84.6503 0.109913  250.24 1.30336 82.2981 -0.320311  
504  0 1.44 60 0  0 1.44 60 0  0 1.44 60 0  0 1.44 60 0  
505  249.883 1.32672 82.6448 0.382481  249.87 1.3268 86.5367 -0.207167  249.816 1.33048 89.9338 0.0940199  250.253 1.33379 84.0748 -0.295474  
506  0 1.44 60 0  0 1.44 60 0  0 1.44 60 0  0 1.44 60 0  
507  0 1.44 60 0  0 1.44 60 0  0 1.44 60 0  0 1.44 60 0  
508  249.671 1.29414 84.7554 0.0834738  250.279 1.30612 84.3916 -0.189611  249.969 1.30486 86.635 0.346344  249.866 1.31476 99.3551 0.218373  
509  0 1.44 60 0  0 1.44 60 0  0 1.44 60 0  0 1.44 60 0  
510  0 1.44 60 0  0 1.44 60 0  0 1.44 60 0  0 1.44 60 0  
511  0 1.44 60 0  0 1.44 60 0  0 1.44 60 0  0 1.44 60 0  
512  249.97 1.32205 84.0323 0.20542  249.847 1.3087 87.4449 0.768248  249.75 1.31307 84.9518 -0.086711  249.477 1.31186 95.5644 1.00019  
513  250.152 1.28625 81.6459 -0.188807  250.019 1.29953 84.6667 0.458743  249.805 1.29873 82.7512 0.368675  250.069 1.29055 90.5563 -0.217903  
514  249.988 1.29773 81.19 0.376256  249.836 1.30553 87.2752 0.577736  249.999 1.29912 79.1958 0.215551  250.012 1.30378 83.6133 0.46065  
515  250.258 1.30895 80.0627 -0.802062  250.056 1.30074 82.4959 0.235054  250.743 1.30483 73.5361 -0.929614  250.208 1.29448 82.9657 -0.495065  
516  249.578 1.3435 97.1708 0.742445  249.923 1.3392 80.7745 -0.0454585  250.203 1.33937 87.2742 -0.550332  250.294 1.32601 79.6709 -0.278054  
517  249.537 1.3172 91.7567 0.77167  249.93 1.31341 90.9947 -0.175952  249.961 1.3147 90.4747 -0.274653  249.985 1.30536 83.1772 0.289531  
518  249.583 1.33896 90.9873 0.905602  250.496 1.32756 75.4268 -0.14904  249.975 1.33673 82.8328 0.2914  250.312 1.32577 76.7476 -0.514712  
519  249.31 1.31611 95.6287 1.01843  249.85 1.31902 81.9596 -0.522572  249.519 1.31371 92.8078 0.23656  250.213 1.32231 75.718 -0.59123  
520  250.033 1.30721 80.1449 0.0501757  249.955 1.2819 95.2974 -0.0211696  250.152 1.28881 80.5892 -0.0940777  249.798 1.29517 90.1712 0.117533  
521  249.734 1.31498 85.3498 0.144287  249.913 1.3166 82.9196 -0.105896  249.923 1.31506 88.8202 -0.25538  249.82 1.31236 91.6735 -0.034331  
522  249.821 1.28241 87.7026 -0.201934  249.873 1.28314 87.6944 -0.18091  249.287 1.27429 100.897 0.949267  249.708 1.28365 93.361 0.325732  
523  249.529 1.33721 84.9457 0.51444  249.782 1.34034 79.9485 -0.212384  250.026 1.33357 78.7558 0.074055  250.119 1.35205 80.9538 0.281739  
524  249.583 1.28653 97.0266 0.28735  249.926 1.28834 90.0075 -0.23113  249.757 1.27581 91.5186 0.351117  249.988 1.27966 89.2673 0.259309  
525  249.722 1.29385 86.6428 0.294023  249.79 1.28505 93.0427 0.0188163  250.056 1.3008 75.9486 0.0333584  249.997 1.2958 86.8018 -0.0922119  
526  250.156 1.32128 79.9502 -0.179134  250.117 1.32013 76.4135 -0.268129  249.891 1.31807 88.7294 0.207351  250.222 1.32207 77.6237 -0.350115  
527  249.585 1.34108 87.0662 1.03252  249.931 1.33802 80.9051 0.119247  249.88 1.34215 81.6233 0.324662  249.896 1.32272 85.1601 -0.506842  
528  250.176 1.30391 82.7823 -0.162583  249.841 1.31039 88.3908 0.440718  250.171 1.30989 80.4127 -0.710711  250.124 1.29902 78.1751 -0.406491  
529  249.805 1.34808 80.1963 0.823124  250.053 1.3525 82.5517 0.460262  249.64 1.34524 87.4295 0.653383  249.541 1.35551 94.2778 0.308447  
530  250.219 1.32513 76.1467 -0.216652  250.022 1.34013 76.7179 -0.252998  249.742 1.34151 88.8295 0.0406077  250.15 1.32919 73.4424 -0.411691  
531  249.986 1.31039 87.1443 -0.381975  249.805 1.30972 92.671 0.022624  250.126 1.31036 86.3038 -0.668797  249.869 1.31353 92.0162 0.230806  
532  250.002 1.30854 85.3588 -0.128861  250.234 1.30321 83.8579 -0.145205  250.091 1.30467 79.6103 -0.23872  249.712 1.29665 87.3439 -0.103838  
533  250.382 1.30493 74.7603 -0.580098  249.957 1.30022 83.2412 0.483221  249.848 1.29827 84.7561 0.362426  249.995 1.3077 85.5274 0.309777  
534  249.687 1.29838 90.197 0.633128  250.153 1.30076 79.6737 0.195996  249.875 1.30129 84.0228 0.553801  250.211 1.29533 82.5815 -0.380041  
535  249.524 1.31313 96.6967 0.480118  249.825 1.3047 89.9442 0.506032  249.723 1.31609 101.382 0.396178  249.959 1.30219 83.6374 0.172061  
536  250.425 1.30323 73.7026 -0.438114  249.951 1.30172 82.0753 0.45876  249.946 1.29288 84.8253 0.150777  249.959 1.28982 87.9449 -0.270147  
537  250.137 1.30947 79.6395 -0.127952  249.843 1.30989 92.0381 0.191092  250.382 1.3062 78.7962 -0.657677  249.903 1.30759 87.5121 0.444773  
538  0 1.44 60 0  0 1.44 60 0  0 1.44 60 0  0 1.44 60 0  
539  249.773 1.34141 85.4229 0.55466  249.961 1.31905 78.8657 -0.143352  250.103 1.33261 83.4958 -0.212947  249.974 1.33401 80.2284 0.215878  
540  0 1.44 60 0  0 1.44 60 0  0 1.44 60 0  0 1.44 60 0  
541  249.752 1.31345 81.1531 0.192825  250.154 1.29836 76.5261 -0.0854182  249.615 1.29862 82.0389 0.643899  250.336 1.30711 77.4121 0.264767  
542  0 1.44 60 0  0 1.44 60 0  0 1.44 60 0  0 1.44 60 0  
543  0 1.44 60 0  0 1.44 60 0  0 1.44 60 0  0 1.44 60 0  
544  249.345 1.22651 93.1117 0.616509  249.855 1.23056 85.2603 0.30044  249.715 1.22823 83.7215 -0.226625  250.253 1.23369 85.6707 -0.516664  
545  250.11 1.28092 91.8431 0.301481  249.725 1.28476 88.4475 0.535344  249.788 1.27215 94.4486 0.0445109  250.065 1.27043 92.7798 -0.62763  
546  250.467 1.28423 82.2212 -0.445371  249.357 1.28239 95.0132 1.02318  250.301 1.28289 85.885 -0.0809325  250.154 1.29678 81.7814 -0.0267135  
547  250.371 1.26122 82.7332 0.0827952  249.939 1.25981 88.191 0.689358  250.087 1.26029 81.212 0.071633  249.986 1.27328 90.9148 -0.32742  
548  249.564 1.25058 94.5756 -0.0614748  249.429 1.24203 98.4177 1.15516  250.069 1.24327 87.8898 0.159109  249.673 1.22846 94.8222 0.36536  
549  249.784 1.29763 80.7774 0.511786  250.044 1.3008 83.9349 0.0870971  250.405 1.29362 78.9383 -0.502675  249.815 1.30222 93.3597 0.427617  
550  250.119 1.2898 91.5537 -0.174568  249.733 1.28377 90.661 0.140511  249.865 1.26763 99.2179 -0.0876383  250.141 1.2929 80.188 -0.148472  
551  249.683 1.29502 85.9182 0.599773  249.692 1.30222 84.9669 0.601562  250.156 1.28646 80.3548 0.26501  250.106 1.28137 83.7823 -0.192711  
552  250.281 1.28234 85.4602 -0.160249  249.812 1.27177 91.6674 0.174872  249.771 1.26784 91.0978 0.309324  249.941 1.3032 89.6792 0.115296  
553  249.911 1.2644 94.4574 -0.0852071  250.361 1.2976 84.0156 -0.00324692  249.939 1.27891 96.5115 0.351914  249.809 1.28682 91.304 0.044971  
554  250.003 1.25277 91.0352 -0.0847766  250.172 1.25171 97.1512 -0.616925  249.639 1.23488 106.532 0.41328  249.782 1.24387 93.7494 0.56111  
555  249.781 1.29106 90.1992 0.0497867  250.071 1.29229 90.5695 -0.0628716  249.933 1.29468 85.1289 -0.0317254  250.047 1.30465 86.7004 -0.184934  
556  250.226 1.28242 88.5569 0.196725  249.783 1.26776 96.0292 -0.0885517  250.012 1.27007 97.373 0.22482  250.382 1.27735 79.8823 -0.414361  
557  249.459 1.27321 110.738 0.296695  249.874 1.28185 96.7031 0.428511  249.765 1.26985 96.2812 -0.167826  250.23 1.28723 84.7535 0.0901792  
558  249.869 1.27901 93.8577 0.504189  250.091 1.27892 93.8596 0.0935216  249.622 1.27338 106.028 0.203993  250.191 1.29175 86.8957 -0.311744  
559  249.631 1.32425 96.6802 0.356895  249.518 1.33584 101.615 0.111557  249.846 1.3154 90.0076 0.392629  250.217 1.32547 81.579 -0.0405407  
560  250.356 1.26546 85.6401 -0.291212  250.244 1.30003 82.2789 0.304701  249.998 1.27213 97.6091 0.0227644  250.177 1.28988 83.535 -0.277456  
561  249.708 1.29169 102.25 0.114227  250.017 1.29015 89.9911 -0.49658  250.184 1.28928 85.0423 -0.32765  249.987 1.30241 93.8991 -0.0638496  
562  250.015 1.30149 80.359 0.157783  249.722 1.31642 90.3223 0.0812221  249.771 1.31014 94.0858 0.727284  249.924 1.318 90.8518 -0.148658  
563  249.536 1.29366 94.4844 -0.131754  249.891 1.30261 91.1357 0.150306  250.405 1.28689 77.7441 -0.339971  249.865 1.29238 90.3089 0.50907  
564  250.107 1.31681 83.8892 -0.674061  250.315 1.32127 75.5328 0.036161  250.157 1.33006 80.6282 -0.284516  250.007 1.31572 82.6194 -0.381418  
565  0 1.44 60 0  0 1.44 60 0  0 1.44 60 0  0 1.44 60 0  
566  250.054 1.24939 93.0652 -0.206849  250.162 1.26986 94.279 -0.694995  250.219 1.24693 90.83 0.199137  249.944 1.25953 98.2128 0.493174  
567  250.203 1.28755 87.4185 -0.391062  250.176 1.27939 87.0422 0.228263  249.769 1.26367 99.7647 -0.0122406  249.967 1.29095 90.3011 0.079009  
568  250.453 1.26306 88.7248 -0.13957  249.683 1.28583 105.597 0.100638  250.225 1.26244 91.264 -0.0589585  250.068 1.27669 90.3845 -0.00299651  
569  249.965 1.25622 102.575 0.0298887  249.714 1.26205 103.02 0.485317  250.247 1.24145 94.7005 0.0663426  249.595 1.26244 110.597 0.671305  
570  249.629 1.24457 104.881 0.0454675  249.821 1.26125 105.173 0.54933  249.868 1.24399 108.146 0.290345  249.825 1.24668 108.387 0.285172  
571  249.821 1.32194 100.792 -0.0143745  250.146 1.31283 93.6946 -0.421968  249.986 1.31064 100.017 0.101581  249.723 1.30588 115.853 0.191621  
572  250.298 1.28609 93.5405 -0.261761  250.345 1.29471 88.541 -0.361974  249.858 1.27591 113.647 0.208854  250.091 1.29395 96.5649 0.0482785  
573  0 1.44 60 0  0 1.44 60 0  0 1.44 60 0  0 1.44 60 0  
574  0 1.44 60 0  0 1.44 60 0  0 1.44 60 0  0 1.44 60 0  
575  0 1.44 60 0  0 1.44 60 0  0 1.44 60 0  0 1.44 60 0  
576  249.795 1.327 88.2915 -0.0927367  249.918 1.33146 83.667 0.344075  249.451 1.30395 85.214 0.776025  249.835 1.33146 79.1517 -0.342415  
577  250.101 1.23911 110.048 0.359874  249.863 1.25009 121.81 0.474828  249.91 1.24954 98.2775 -0.461033  249.92 1.24944 116.038 0.19926  
578  250.061 1.27715 104.606 -0.0123646  250.422 1.28315 84.459 -0.682716  249.966 1.2802 99.0502 -0.0920841  250.091 1.31052 92.3092 -0.423  
579  249.789 1.27709 109.553 0.360767  250.12 1.3024 90.5038 -0.170753  249.659 1.30801 100.562 0.853833  249.754 1.30441 104.19 0.436724  
580  250.361 1.29259 87.5421 -0.177684  250.355 1.30609 86.3027 -0.153021  249.456 1.28584 114.489 0.791426  249.953 1.28684 95.9905 0.147024  
581  249.885 1.27937 103.567 0.208449  249.865 1.29945 101.686 -0.233567  249.871 1.28007 95.7572 -0.276026  249.926 1.30087 103.561 0.433861  
582  249.752 1.30258 88.5602 0.38655  249.649 1.29286 95.4744 0.890773  250.164 1.29359 90.5585 0.191156  249.92 1.29899 101.247 -0.0368544  
583  250.114 1.26727 94.0966 -0.290415  249.943 1.27689 102.895 0.180379  249.933 1.25413 105.511 -0.0315945  249.971 1.264 105.008 0.0316028  
584  249.909 1.28727 94.1574 0.445907  250.113 1.28189 89.4567 -0.357945  249.846 1.28404 100.903 0.167645  249.727 1.28666 96.7605 0.105692  
585  249.815 1.32311 93.8287 0.00713211  250.123 1.3318 85.5023 -0.0570444  250.206 1.33324 87.7175 -0.16725  249.913 1.32063 94.6776 -0.187493  
586  249.669 1.30368 89.6205 0.314955  249.919 1.31062 96.8215 0.350531  249.884 1.288 94.1846 0.135025  249.997 1.30078 96.195 0.251294  
587  250.002 1.32355 87.1816 -0.0790212  249.481 1.33545 94.0813 -0.0640214  250.029 1.314 84.1826 0.306263  250.277 1.31676 85.2907 -0.271614  
588  249.975 1.33089 89.254 0.107384  250.072 1.32277 87.277 -0.13014  250.14 1.31792 90.0775 -0.291891  250.272 1.31794 84.0172 -0.069655  
589  249.747 1.25187 100.374 -0.140045  250.001 1.27907 95.4796 -0.489541  249.885 1.25732 102.439 0.124718  249.8 1.26753 100.103 -0.0566061  
590  249.716 1.25723 102.411 0.883525  249.835 1.27102 96.0548 0.652666  250.036 1.27895 92.7081 -0.394946  249.945 1.2756 95.5619 0.245813  
591  249.967 1.3005 90.6019 -0.020562  249.983 1.2916 91.8689 0.20117  250.032 1.30072 88.7312 0.0322924  250.232 1.2963 81.5412 -0.455422  
592  249.442 1.3056 102.734 0.379813  250.131 1.28822 85.9417 -0.0690988  249.479 1.30537 103.507 0.323438  250.154 1.31332 89.5069 -0.287182  
593  250.005 1.30738 87.7319 0.205548  250.085 1.30872 83.461 0.170372  250.009 1.30799 87.7225 0.191154  249.945 1.31281 86.5871 0.0698034  
594  250.122 1.26712 90.3566 -0.00411567  249.941 1.27939 95.9927 -0.131578  250.303 1.27725 82.8725 -0.468303  249.732 1.26629 94.8788 0.337402  
595  249.991 1.31513 88.6212 0.239727  250.05 1.31583 89.1985 0.121524  250.088 1.31918 86.2773 -0.224027  249.989 1.29903 91.1738 -0.135228  
596  250.005 1.30246 91.0212 -0.00369012  249.503 1.31501 96.2093 0.261031  250.131 1.29987 87.2233 -0.435557  249.524 1.32755 96.5101 0.0211022  
597  250.222 1.26704 85.3092 -0.338253  249.923 1.27309 92.5222 0.127646  250.174 1.2699 84.5031 -0.0805985  250.063 1.26893 94.326 -0.455955  
598  249.624 1.2548 109.628 -0.00470665  250.166 1.26781 91.5348 -0.326957  250.414 1.26326 89.9442 0.0409162  249.793 1.26252 103.512 0.120053  
599  249.657 1.28695 93.051 0.747189  250.103 1.2933 84.1914 -0.102148  250.077 1.29791 82.4931 0.0252025  250.349 1.29155 82.6096 -0.744496  
600  249.979 1.26986 97.4588 -0.11279  249.974 1.26883 92.5032 -0.358334  250.155 1.24593 96.296 -0.116726  250.212 1.25544 97.1789 -0.327414  
601  249.834 1.27258 101.681 -0.0793013  250.079 1.28066 87.8552 -0.026963  250.087 1.27044 89.8025 0.0448093  250.032 1.2684 91.0655 -0.231493  
602  249.987 1.27834 102.591 0.205711  250.284 1.28224 88.9145 -0.500405  249.698 1.25629 111.622 0.281201  250.322 1.27275 89.2891 -0.637311  
603  250.05 1.29064 92.5845 -0.0827185  249.707 1.31153 103.305 0.650847  249.752 1.30761 97.8071 0.290894  250.011 1.299 87.6755 -0.141389  
604  249.892 1.32293 93.6759 -0.0483635  250.139 1.32787 87.1943 -0.122848  249.877 1.32567 92.6922 -0.121652  249.868 1.33132 89.358 -0.306628  
605  249.735 1.30107 98.3463 -0.327797  250.159 1.30741 88.4001 0.0870106  250.368 1.29415 86.3815 -0.313312  249.893 1.31206 98.2019 0.259083  
606  249.328 1.30582 104.501 0.505219  250.047 1.31018 93.1423 0.0267608  250.057 1.29987 86.6461 -0.355675  249.861 1.32221 97.0689 0.344147  
607  250.05 1.29021 91.6824 0.271921  250.098 1.30814 96.1351 0.0963089  250.079 1.29062 95.2544 0.428076  250.269 1.29851 85.8609 0.0895907  
608  0 1.44 60 0  0 1.44 60 0  0 1.44 60 0  0 1.44 60 0  
609  250.327 1.29691 79.848 -0.532124  249.867 1.30882 85.8003 -0.16461  250.343 1.30412 78.8098 -0.646678  249.891 1.29449 105.586 0.182938  
610  249.799 1.26244 98.0155 -0.0606826  250.315 1.27099 89.7261 -0.751432  249.933 1.26818 93.6511 -0.107888  250.299 1.27125 92.6869 -0.70367  
611  250.067 1.23912 99.7427 0.082259  250.106 1.25112 90.1246 -0.0780607  249.775 1.23603 102.656 0.0602076  249.983 1.25 89.6199 0.328545  
612  249.606 1.2668 102.526 0.424432  250.378 1.27692 85.9857 -0.04213  249.961 1.24991 97.9729 0.0419766  250.266 1.27695 85.5015 -0.249959  
613  249.929 1.27978 94.2422 -0.0576457  250.27 1.2928 88.6631 -0.424687  249.954 1.28555 93.1573 0.24147  249.748 1.29396 106.889 0.341551  
614  249.901 1.28457 88.3102 0.0845877  250.185 1.29834 88.689 -0.0795501  249.861 1.27903 95.7077 0.228019  250.314 1.28398 83.3696 -0.333556  
615  250.284 1.25173 92.0885 0.0268438  250.458 1.27625 88.884 -0.402219  250.114 1.25394 95.7036 0.0430926  250.026 1.25905 95.5084 -0.0159171  
616  250.005 1.29233 93.8803 -0.0544705  249.66 1.30154 104.519 0.981998  249.865 1.29308 97.6536 0.285354  249.663 1.2911 104.311 0.97344  
617  0 1.44 60 0  0 1.44 60 0  0 1.44 60 0  0 1.44 60 0  
618  250.421 1.25633 91.0059 -0.452279  250.305 1.27207 89.6108 -0.675888  249.767 1.24525 110.102 0.151519  250.029 1.2695 98.4886 -0.531098  
619  250.254 1.25231 89.8731 -0.113698  250.025 1.25702 95.0962 0.0614939  249.777 1.24065 95.6881 0.0101757  249.85 1.25882 97.2052 0.564307  
620  250.157 1.27459 89.311 0.0628308  249.725 1.28114 102.939 0.894715  250.036 1.26793 100.39 -0.00884516  249.724 1.26086 104.447 0.872936  
621  249.621 1.2659 96.3828 0.472678  250.018 1.29956 93.5852 0.581576  250.133 1.27607 89.1026 -0.320528  250.098 1.28875 92.1716 0.358452  
622  249.894 1.27969 96.9157 0.207301  249.871 1.26565 102.795 0.143264  249.811 1.2666 101.122 0.498273  249.616 1.29364 113.141 0.72566  
623  250.162 1.27135 88.9615 0.0701996  249.568 1.28492 112.612 0.266491  250.254 1.27586 87.6412 -0.508302  249.704 1.29637 115.704 0.15708  
624  250.122 1.27134 87.9431 0.150295  250.084 1.27381 92.2122 -0.357763  249.624 1.26645 103.846 0.00818299  250.155 1.28504 89.292 0.275305  
625  249.782 1.22726 118.35 0.53509  249.523 1.2268 117.043 0.40316  250.304 1.23699 91.7484 -0.486321  250.253 1.2373 92.5617 -0.439442  
626  250.507 1.27405 84.4876 -0.0539334  249.847 1.30218 94.8065 0.117047  249.907 1.2949 88.633 0.0978478  249.618 1.29676 112.871 0.183767  
627  250.312 1.29133 87.0143 0.0831932  249.905 1.30072 92.4229 0.473276  249.829 1.28813 101.85 0.393336  249.948 1.29171 100.699 0.406006  
628  249.693 1.26309 109.477 -0.0210534  250.265 1.27239 92.4012 -0.531396  250.328 1.27395 89.3597 -0.2752  250.148 1.27881 88.8178 -0.111369  
629  249.917 1.2703 102.69 0.135608  249.986 1.28955 99.7705 -0.342265  249.833 1.28222 99.4091 0.18139  250.052 1.28303 93.4204 -0.159277  
630  250.119 1.29966 89.9323 -0.2179  249.589 1.30563 112.688 0.300423  249.937 1.29394 92.0436 0.440764  249.985 1.30097 102.587 -0.410804  
631  249.964 1.31956 96.9437 -0.0196822  250.119 1.31776 87.5664 -0.197944  250.223 1.30349 79.4903 -0.56893  250.17 1.31281 86.4949 -0.197709  
632  250.233 1.23177 95.6711 -0.00191641  249.611 1.24624 123.903 0.0953002  249.891 1.23931 99.0689 -0.282653  249.996 1.25323 98.1978 -0.0466057  
633  250.369 1.2552 93.6083 -0.340151  250.487 1.29266 89.694 -0.865419  249.953 1.25933 106.207 -0.261027  249.658 1.26318 124.784 0.598782  
634  249.846 1.28083 107.282 0.0253471  250.074 1.31976 85.5972 -0.50309  250.244 1.29386 85.7045 0.293588  249.977 1.31509 93.5545 0.0599411  
635  249.692 1.24575 116.429 0.318649  250.011 1.25234 102.963 -0.195042  250.172 1.22071 101.108 0.147363  249.77 1.24685 101.167 0.281867  
636  250.074 1.23858 97.5122 -0.616414  250.233 1.29201 99.3513 -0.509716  249.933 1.24924 112.738 0.42208  249.609 1.26548 111.946 0.371831  
637  249.987 1.2748 101.148 0.0745545  249.851 1.28197 110.542 0.0272236  250.012 1.25752 102.853 -0.068953  249.819 1.27693 110.045 -0.0958521  
638  249.766 1.26542 108.936 0.223003  249.949 1.26813 104.061 0.0445317  249.731 1.26211 109.346 0.108129  249.906 1.26839 108.418 0.0644456  
639  245.077 1.16015 117.93 -0.334221  250.028 1.19571 116.151 -0.102042  248.698 1.15821 117.283 -0.159483  249.659 1.16603 131.106 0.527431  
